LocalTimestamp,PR
1659429514.141474,168922
1659429514.141474,168818
1659429514.172555,168870
1659429514.203637,168891
1659429514.234719,168917
1659429514.274339,168893
1659429514.31396,168914
1659429514.35358,168980
1659429514.397641,169053
1659429514.441702,169116
1659429514.485763,169185
1659429514.527774,169211
1659429514.569786,169244
1659429514.608723,169150
1659429514.64766,168930
1659429514.686598,168790
1659429514.727072,168741
1659429514.767547,168752
1659429514.807167,168781
1659429514.846788,168821
1659429514.886408,168833
1659429514.925346,168815
1659429514.964283,168819
1659429515.003221,168868
1659429515.043695,168903
1659429515.08417,168878
1659429515.123107,168875
1659429515.162044,168917
1659429515.200982,168966
1659429515.243506,169015
1659429515.286029,168975
1659429515.324625,168762
1659429515.363221,168574
1659429515.401817,168516
1659429515.441096,168443
1659429515.480375,168408
1659429515.519654,168454
1659429515.561665,168468
1659429515.603677,168475
1659429515.641931,168470
1659429515.680186,168474
1659429515.71844,168504
1659429515.760451,168529
1659429515.802463,168560
1659429515.841742,168564
1659429515.881021,168612
1659429515.9203,168628
1659429515.964019,168658
1659429516.007738,168563
1659429516.051457,168333
1659429516.092444,168196
1659429516.133431,168175
1659429516.172368,168183
1659429516.211306,168220
1659429516.250243,168277
1659429516.291742,168306
1659429516.333241,168305
1659429516.371837,168320
1659429516.410433,168346
1659429516.449029,168370
1659429516.488649,168386
1659429516.52827,168403
1659429516.56789,168431
1659429516.608877,168454
1659429516.649864,168501
1659429516.688802,168540
1659429516.727739,168523
1659429516.766676,168337
1659429516.805955,168174
1659429516.845234,168111
1659429516.884513,168130
1659429516.924988,168182
1659429516.965462,168247
1659429517.003716,168305
1659429517.041971,168322
1659429517.080225,168341
1659429517.121724,168373
1659429517.163223,168431
1659429517.202161,168481
1659429517.241098,168521
1659429517.280035,168581
1659429517.324438,168622
1659429517.36884,168668
1659429517.413243,168692
1659429517.454742,168712
1659429517.496241,168702
1659429517.534837,168535
1659429517.573432,168342
1659429517.612028,168244
1659429517.653015,168248
1659429517.694002,168260
1659429517.733964,168303
1659429517.773926,168335
1659429517.813888,168350
1659429517.852484,168359
1659429517.89108,168384
1659429517.929676,168419
1659429517.971687,168469
1659429518.013699,168504
1659429518.052636,168526
1659429518.091573,168555
1659429518.130511,168578
1659429518.172523,168579
1659429518.214534,168611
1659429518.252788,168543
1659429518.291043,168315
1659429518.329297,168136
1659429518.368234,168066
1659429518.407172,168069
1659429518.446109,168096
1659429518.487096,168152
1659429518.528083,168188
1659429518.56702,168203
1659429518.605958,168231
1659429518.644895,168252
1659429518.686906,168281
1659429518.728918,168299
1659429518.768538,168339
1659429518.808159,168366
1659429518.84778,168394
1659429518.888766,168423
1659429518.929753,168452
1659429518.974497,168478
1659429519.019241,168451
1659429519.063985,168265
1659429519.097799,168054
1659429519.131613,167970
1659429519.175673,167988
1659429519.219734,168003
1659429519.263795,168055
1659429519.302391,168087
1659429519.340987,168126
1659429519.379583,168126
1659429519.421082,168165
1659429519.462581,168198
1659429519.499725,168231
1659429519.53687,168268
1659429519.574014,168295
1659429519.611158,168320
1659429519.652657,168336
1659429519.694156,168388
1659429519.733777,168421
1659429519.773397,168419
1659429519.813018,168241
1659429519.856737,168026
1659429519.900456,167950
1659429519.944175,167956
1659429519.976965,167999
1659429520.009754,168043
1659429520.054498,168088
1659429520.099242,168130
1659429520.143986,168136
1659429520.182582,168153
1659429520.221178,168182
1659429520.259773,168234
1659429520.301785,168276
1659429520.343796,168342
1659429520.382734,168384
1659429520.421671,168428
1659429520.460609,168486
1659429520.501595,168538
1659429520.542582,168515
1659429520.580837,168333
1659429520.619091,168156
1659429520.657345,168102
1659429520.696624,168127
1659429520.735903,168179
1659429520.775182,168239
1659429520.816681,168278
1659429520.85818,168298
1659429520.897118,168309
1659429520.936055,168358
1659429520.974993,168382
1659429521.017516,168428
1659429521.06004,168483
1659429521.098636,168480
1659429521.137232,168485
1659429521.175828,168500
1659429521.217327,168514
1659429521.258826,168405
1659429521.298447,168214
1659429521.338067,168078
1659429521.377688,168072
1659429521.418674,168121
1659429521.459661,168171
1659429521.498257,168190
1659429521.536853,168202
1659429521.575449,168206
1659429521.619851,168209
1659429521.664253,168241
1659429521.708656,168258
1659429521.74247,168280
1659429521.776284,168315
1659429521.820003,168340
1659429521.863722,168362
1659429521.907442,168344
1659429521.949965,168185
1659429521.992489,167908
1659429522.031427,167765
1659429522.070364,167742
1659429522.109301,167747
1659429522.147897,167773
1659429522.186493,167793
1659429522.225089,167810
1659429522.267613,167807
1659429522.310137,167807
1659429522.349074,167848
1659429522.388011,167883
1659429522.426949,167898
1659429522.467423,167880
1659429522.507898,167965
1659429522.546835,168067
1659429522.585773,168113
1659429522.62471,167938
1659429522.663647,167681
1659429522.702585,167534
1659429522.741522,167487
1659429522.782509,167483
1659429522.823496,167507
1659429522.86175,167573
1659429522.900004,167620
1659429522.938259,167639
1659429522.98027,167633
1659429523.022282,167674
1659429523.061219,167718
1659429523.100157,167742
1659429523.139094,167781
1659429523.180593,167822
1659429523.222092,167834
1659429523.261029,167871
1659429523.299967,167877
1659429523.338904,167699
1659429523.383307,167460
1659429523.427709,167335
1659429523.472111,167316
1659429523.513611,167323
1659429523.55511,167376
1659429523.59473,167425
1659429523.634351,167448
1659429523.673971,167462
1659429523.714446,167482
1659429523.75492,167514
1659429523.793516,167554
1659429523.832112,167593
1659429523.870708,167611
1659429523.909304,167652
1659429523.9479,167680
1659429523.986495,167702
1659429524.029019,167744
1659429524.071543,167719
1659429524.109797,167531
1659429524.148052,167274
1659429524.186306,167162
1659429524.228317,167144
1659429524.270329,167149
1659429524.309608,167203
1659429524.348887,167268
1659429524.388166,167314
1659429524.426762,167314
1659429524.465357,167356
1659429524.503953,167376
1659429524.545965,167420
1659429524.587976,167475
1659429524.627597,167498
1659429524.667217,167511
1659429524.706838,167533
1659429524.748081,167560
1659429524.789324,167578
1659429524.830567,167592
1659429524.871809,167443
1659429524.913309,167220
1659429524.954808,167121
1659429524.993404,167129
1659429525.031999,167154
1659429525.070595,167229
1659429525.10885,167307
1659429525.147104,167335
1659429525.185358,167390
1659429525.228394,167418
1659429525.27143,167470
1659429525.310026,167541
1659429525.348622,167598
1659429525.387218,167642
1659429525.428205,167700
1659429525.469192,167763
1659429525.508812,167806
1659429525.548433,167879
1659429525.588053,167889
1659429525.629552,167731
1659429525.671052,167569
1659429525.715112,167510
1659429525.759173,167547
1659429525.803234,167580
1659429525.836023,167637
1659429525.868813,167663
1659429525.913215,167676
1659429525.957617,167697
1659429526.00202,167722
1659429526.039932,167767
1659429526.077845,167815
1659429526.115758,167862
1659429526.157769,167893
1659429526.199781,167926
1659429526.238718,167961
1659429526.277656,168000
1659429526.316593,167983
1659429526.35758,167798
1659429526.398566,167577
1659429526.437504,167489
1659429526.476441,167526
1659429526.515379,167541
1659429526.554316,167615
1659429526.593254,167708
1659429526.632191,167738
1659429526.67369,167775
1659429526.715189,167801
1659429526.754468,167858
1659429526.793747,167913
1659429526.833026,167943
1659429526.874013,167998
1659429526.915,168038
1659429526.953254,168071
1659429526.991508,168112
1659429527.029763,168130
1659429527.072287,167977
1659429527.11481,167688
1659429527.153406,167509
1659429527.192002,167466
1659429527.230598,167449
1659429527.271072,167466
1659429527.311547,167546
1659429527.350143,167575
1659429527.388739,167590
1659429527.427335,167597
1659429527.47242,167624
1659429527.517505,167659
1659429527.562591,167665
1659429527.595892,167695
1659429527.629194,167728
1659429527.673938,167763
1659429527.718682,167780
1659429527.763426,167809
1659429527.805437,167837
1659429527.847449,167704
1659429527.886045,167452
1659429527.924641,167290
1659429527.963236,167261
1659429528.001832,167263
1659429528.040428,167312
1659429528.079024,167355
1659429528.121548,167360
1659429528.164072,167345
1659429528.202326,167324
1659429528.24058,167368
1659429528.278835,167390
1659429528.319821,167426
1659429528.360808,167465
1659429528.399745,167480
1659429528.438683,167523
1659429528.47762,167560
1659429528.516899,167577
1659429528.556178,167582
1659429528.595457,167533
1659429528.636444,167324
1659429528.677431,167110
1659429528.716368,167049
1659429528.755306,167061
1659429528.794243,167091
1659429528.835742,167145
1659429528.877241,167175
1659429528.91652,167177
1659429528.955799,167173
1659429528.995078,167207
1659429529.036577,167241
1659429529.078076,167277
1659429529.116672,167318
1659429529.155268,167353
1659429529.193864,167390
1659429529.237583,167426
1659429529.281302,167477
1659429529.325022,167506
1659429529.366009,167498
1659429529.406995,167325
1659429529.446274,167132
1659429529.485553,167034
1659429529.524832,167031
1659429529.565819,167071
1659429529.606806,167123
1659429529.645743,167166
1659429529.684681,167182
1659429529.723618,167183
1659429529.762897,167202
1659429529.802176,167225
1659429529.841455,167271
1659429529.883466,167299
1659429529.925478,167341
1659429529.964074,167364
1659429530.00267,167407
1659429530.041265,167441
1659429530.080886,167474
1659429530.120507,167455
1659429530.160127,167272
1659429530.203846,167070
1659429530.247566,166999
1659429530.291285,167019
1659429530.323562,167055
1659429530.355839,167137
1659429530.400924,167164
1659429530.44601,167197
1659429530.491095,167219
1659429530.524397,167251
1659429530.557699,167295
1659429530.601759,167338
1659429530.64582,167376
1659429530.689881,167393
1659429530.72916,167446
1659429530.768439,167490
1659429530.807718,167534
1659429530.848705,167568
1659429530.889692,167528
1659429530.928288,167348
1659429530.966883,167153
1659429531.005479,167068
1659429531.048515,167106
1659429531.091551,167237
1659429531.130489,167354
1659429531.169426,167460
1659429531.208364,167553
1659429531.247301,167590
1659429531.286239,167624
1659429531.325176,167631
1659429531.366675,167618
1659429531.408174,167611
1659429531.447112,167610
1659429531.486049,167643
1659429531.524987,167768
1659429531.565461,167903
1659429531.605935,167968
1659429531.644873,167832
1659429531.68381,167589
1659429531.722748,167468
1659429531.763734,167439
1659429531.804721,167478
1659429531.846562,167561
1659429531.888402,167627
1659429531.930243,167663
1659429531.972084,167681
1659429532.013924,167712
1659429532.055765,167750
1659429532.088555,167801
1659429532.121344,167888
1659429532.165405,167939
1659429532.209466,168000
1659429532.253526,168061
1659429532.295538,168118
1659429532.337549,168121
1659429532.376828,167914
1659429532.416107,167758
1659429532.455386,167738
1659429532.49364,167803
1659429532.531895,167884
1659429532.570149,167908
1659429532.611648,167894
1659429532.653147,167857
1659429532.691743,167853
1659429532.730339,167906
1659429532.768935,167988
1659429532.807189,168075
1659429532.845443,168141
1659429532.883698,168180
1659429532.926222,168202
1659429532.968745,168188
1659429533.007683,168079
1659429533.04662,167845
1659429533.085558,167669
1659429533.127057,167642
1659429533.168556,167641
1659429533.207493,167630
1659429533.246431,167671
1659429533.285368,167701
1659429533.327892,167729
1659429533.370416,167782
1659429533.409695,167822
1659429533.448974,167865
1659429533.488253,167903
1659429533.528727,167984
1659429533.569201,168075
1659429533.608139,168153
1659429533.647076,168124
1659429533.686014,167943
1659429533.728538,167790
1659429533.771061,167808
1659429533.815122,167899
1659429533.859183,168012
1659429533.903244,168111
1659429533.942181,168150
1659429533.981118,168169
1659429534.020056,168184
1659429534.061043,168202
1659429534.10203,168224
1659429534.140967,168238
1659429534.179904,168268
1659429534.218842,168318
1659429534.261365,168300
1659429534.303889,168123
1659429534.342827,167961
1659429534.381764,167940
1659429534.420702,167997
1659429534.459297,168111
1659429534.497893,168170
1659429534.536489,168196
1659429534.577988,168237
1659429534.619487,168282
1659429534.658425,168318
1659429534.697362,168342
1659429534.7363,168383
1659429534.777799,168410
1659429534.819298,168447
1659429534.857552,168419
1659429534.895807,168190
1659429534.934061,168025
1659429534.972998,167970
1659429535.011936,167992
1659429535.050873,168105
1659429535.091347,168232
1659429535.131822,168330
1659429535.176224,168299
1659429535.220627,168249
1659429535.265029,168239
1659429535.302685,168281
1659429535.340342,168338
1659429535.377999,168361
1659429535.415655,168387
1659429535.457155,168349
1659429535.498654,168122
1659429535.538274,167947
1659429535.577895,167884
1659429535.617515,167869
1659429535.659014,167883
1659429535.700513,167913
1659429535.738426,167949
1659429535.776339,167990
1659429535.814252,168007
1659429535.853189,168044
1659429535.892127,168076
1659429535.931064,168109
1659429535.973075,168163
1659429536.015087,168212
1659429536.055561,168251
1659429536.096036,168210
1659429536.134632,168011
1659429536.173227,167812
1659429536.211823,167719
1659429536.256909,167701
1659429536.301994,167718
1659429536.34708,167786
1659429536.379869,167856
1659429536.412658,167893
1659429536.454926,167910
1659429536.497194,167938
1659429536.539461,167970
1659429536.581729,168015
1659429536.620666,168051
1659429536.659604,168080
1659429536.698541,168132
1659429536.74004,168180
1659429536.781539,168107
1659429536.820477,167922
1659429536.859414,167782
1659429536.898352,167723
1659429536.940875,167729
1659429536.983399,167798
1659429537.021653,167874
1659429537.059908,167936
1659429537.098162,167972
1659429537.139661,168007
1659429537.18116,168030
1659429537.219415,168063
1659429537.257669,168088
1659429537.295923,168118
1659429537.337935,168131
1659429537.379946,168158
1659429537.424007,168195
1659429537.468068,168218
1659429537.512128,168208
1659429537.551066,168041
1659429537.590003,167845
1659429537.628941,167730
1659429537.669928,167681
1659429537.710914,167672
1659429537.749852,167709
1659429537.788789,167780
1659429537.827727,167812
1659429537.869738,167826
1659429537.911749,167865
1659429537.950345,167922
1659429537.988941,167980
1659429538.027537,168020
1659429538.066133,168056
1659429538.104729,168091
1659429538.143325,168114
1659429538.184824,168142
1659429538.226323,168167
1659429538.264577,168179
1659429538.302831,168065
1659429538.341086,167874
1659429538.379682,167730
1659429538.418278,167693
1659429538.456873,167677
1659429538.498373,167704
1659429538.539872,167743
1659429538.579151,167776
1659429538.61843,167788
1659429538.657709,167797
1659429538.698695,167852
1659429538.739682,167889
1659429538.781437,167928
1659429538.823193,167978
1659429538.864948,168024
1659429538.906703,168057
1659429538.945641,168086
1659429538.984578,168120
1659429539.023515,168160
1659429539.065015,168159
1659429539.106514,168001
1659429539.145793,167807
1659429539.185072,167732
1659429539.224351,167705
1659429539.265337,167702
1659429539.306324,167723
1659429539.344579,167779
1659429539.382833,167803
1659429539.421087,167825
1659429539.460366,167835
1659429539.499645,167866
1659429539.538924,167902
1659429539.580935,167934
1659429539.622947,167976
1659429539.664446,168000
1659429539.705945,168018
1659429539.745224,168035
1659429539.784503,168070
1659429539.823782,168104
1659429539.868185,168114
1659429539.912587,168042
1659429539.956989,167860
1659429539.990291,167720
1659429540.023593,167664
1659429540.068678,167652
1659429540.113764,167687
1659429540.158849,167739
1659429540.191638,167779
1659429540.224428,167785
1659429540.268147,167795
1659429540.311866,167814
1659429540.355585,167857
1659429540.394523,167882
1659429540.43346,167925
1659429540.472398,167972
1659429540.514409,167997
1659429540.556421,168042
1659429540.594333,168056
1659429540.632246,168079
1659429540.670159,168093
1659429540.709096,168136
1659429540.748034,168091
1659429540.786971,167921
1659429540.828983,167760
1659429540.870994,167666
1659429540.909248,167638
1659429540.947503,167647
1659429540.985757,167713
1659429541.028025,167761
1659429541.070292,167776
1659429541.11256,167781
1659429541.154827,167784
1659429541.193082,167827
1659429541.231336,167869
1659429541.26959,167912
1659429541.308186,167937
1659429541.346782,167979
1659429541.385378,168013
1659429541.427389,168057
1659429541.469401,168078
1659429541.507655,168110
1659429541.545909,168161
1659429541.584164,168191
1659429541.62515,168137
1659429541.666137,167963
1659429541.705075,167794
1659429541.744012,167757
1659429541.78295,167763
1659429541.824449,167794
1659429541.865948,167841
1659429541.910009,167892
1659429541.954069,167911
1659429541.99813,167906
1659429542.031944,167936
1659429542.065758,167971
1659429542.110502,168010
1659429542.155246,168035
1659429542.19999,168056
1659429542.238927,168093
1659429542.277865,168100
1659429542.316802,168128
1659429542.359326,168171
1659429542.40185,168200
1659429542.440446,168237
1659429542.479042,168240
1659429542.517637,168110
1659429542.558624,167910
1659429542.599611,167815
1659429542.638548,167778
1659429542.677486,167798
1659429542.716423,167852
1659429542.755702,167899
1659429542.794981,167932
1659429542.83426,167944
1659429542.875247,167961
1659429542.916234,167992
1659429542.955513,168066
1659429542.994792,168099
1659429543.034071,168140
1659429543.07557,168192
1659429543.117069,168225
1659429543.156348,168265
1659429543.195627,168293
1659429543.234906,168325
1659429543.273843,168367
1659429543.312781,168390
1659429543.351718,168254
1659429543.396462,168058
1659429543.441206,167977
1659429543.48595,167973
1659429543.526937,168020
1659429543.567923,168052
1659429543.606519,168078
1659429543.645115,168089
1659429543.683711,168088
1659429543.722648,168063
1659429543.761586,168037
1659429543.800523,168047
1659429543.842022,168043
1659429543.883521,168060
1659429543.922117,168080
1659429543.960713,168098
1659429543.999309,168104
1659429544.038246,168124
1659429544.077184,168139
1659429544.116121,168076
1659429544.157108,167880
1659429544.198095,167738
1659429544.236691,167710
1659429544.275287,167738
1659429544.313882,167798
1659429544.356406,167835
1659429544.39893,167859
1659429544.437526,167893
1659429544.476122,167921
1659429544.514718,167918
1659429544.555704,167941
1659429544.596691,167993
1659429544.63597,168019
1659429544.675249,168045
1659429544.714528,168068
1659429544.756027,168061
1659429544.797526,168061
1659429544.841245,168080
1659429544.884965,167973
1659429544.928684,167761
1659429544.967963,167616
1659429545.007242,167569
1659429545.046521,167543
1659429545.087508,167552
1659429545.128495,167574
1659429545.16709,167576
1659429545.205686,167581
1659429545.244282,167551
1659429545.286806,167562
1659429545.32933,167592
1659429545.368609,167630
1659429545.407888,167680
1659429545.447167,167708
1659429545.485421,167728
1659429545.523675,167757
1659429545.561929,167763
1659429545.60155,167652
1659429545.641171,167443
1659429545.680791,167315
1659429545.724852,167266
1659429545.768913,167278
1659429545.812973,167312
1659429545.851569,167368
1659429545.890165,167413
1659429545.928761,167438
1659429545.971797,167444
1659429546.014833,167449
1659429546.053088,167494
1659429546.091342,167523
1659429546.129596,167533
1659429546.168192,167541
1659429546.206788,167560
1659429546.245384,167585
1659429546.287395,167603
1659429546.329407,167498
1659429546.368003,167276
1659429546.406599,167128
1659429546.445194,167080
1659429546.484473,167096
1659429546.523752,167130
1659429546.563031,167182
1659429546.605043,167228
1659429546.647054,167250
1659429546.68565,167247
1659429546.724246,167258
1659429546.762842,167284
1659429546.804341,167313
1659429546.84584,167348
1659429546.885461,167358
1659429546.925081,167372
1659429546.964702,167403
1659429547.005176,167418
1659429547.04565,167398
1659429547.089711,167275
1659429547.133772,167062
1659429547.177833,166944
1659429547.210622,166927
1659429547.243412,166955
1659429547.287472,166998
1659429547.331533,167056
1659429547.375594,167080
1659429547.414531,167078
1659429547.453469,167094
1659429547.492406,167116
1659429547.531685,167165
1659429547.570964,167216
1659429547.610243,167236
1659429547.65123,167262
1659429547.692217,167296
1659429547.730813,167335
1659429547.769408,167380
1659429547.808004,167411
1659429547.850016,167285
1659429547.892027,167089
1659429547.932673,167012
1659429547.973318,167012
1659429548.013963,167048
1659429548.054608,167097
1659429548.095253,167161
1659429548.135899,167188
1659429548.176544,167215
1659429548.217189,167265
1659429548.257834,167314
1659429548.296259,167408
1659429548.334684,167482
1659429548.373109,167557
1659429548.411535,167603
1659429548.44996,167645
1659429548.488385,167708
1659429548.528005,167722
1659429548.567626,167617
1659429548.607246,167425
1659429548.648745,167301
1659429548.690244,167280
1659429548.731744,167337
1659429548.773243,167382
1659429548.815254,167407
1659429548.857265,167428
1659429548.896544,167415
1659429548.935823,167440
1659429548.975102,167471
1659429549.016602,167500
1659429549.058101,167521
1659429549.096697,167548
1659429549.135293,167572
1659429549.173888,167603
1659429549.213167,167639
1659429549.252446,167614
1659429549.291725,167411
1659429549.3322,167200
1659429549.372674,167118
1659429549.411612,167125
1659429549.450549,167151
1659429549.489486,167204
1659429549.531498,167248
1659429549.573509,167256
1659429549.612105,167268
1659429549.650701,167248
1659429549.689297,167270
1659429549.730284,167285
1659429549.771271,167319
1659429549.811233,167338
1659429549.851195,167335
1659429549.891157,167351
1659429549.932143,167382
1659429549.97313,167347
1659429550.011726,167152
1659429550.050322,166913
1659429550.088918,166782
1659429550.13332,166737
1659429550.177723,166759
1659429550.222125,166793
1659429550.263112,166834
1659429550.304098,166855
1659429550.342694,166846
1659429550.38129,166849
1659429550.419886,166874
1659429550.461385,166907
1659429550.502884,166933
1659429550.54148,166977
1659429550.580076,167013
1659429550.618672,167032
1659429550.656585,167051
1659429550.694497,167078
1659429550.73241,167109
1659429550.771689,167001
1659429550.810968,166744
1659429550.850247,166544
1659429550.892259,166479
1659429550.93427,166479
1659429550.972866,166499
1659429551.011462,166561
1659429551.050058,166593
1659429551.092069,166614
1659429551.13408,166617
1659429551.173018,166629
1659429551.211955,166670
1659429551.250893,166703
1659429551.294612,166727
1659429551.338331,166758
1659429551.382051,166791
1659429551.416377,166826
1659429551.450703,166860
1659429551.495106,166889
1659429551.539508,166912
1659429551.58391,166877
1659429551.624385,166645
1659429551.664859,166444
1659429551.704138,166360
1659429551.743417,166373
1659429551.782696,166403
1659429551.821634,166461
1659429551.860571,166499
1659429551.899508,166519
1659429551.941007,166543
1659429551.982507,166558
1659429552.021785,166590
1659429552.061064,166639
1659429552.100343,166689
1659429552.141843,166723
1659429552.183342,166757
1659429552.221938,166789
1659429552.260534,166823
1659429552.299129,166884
1659429552.338408,166913
1659429552.377687,166833
1659429552.416966,166617
1659429552.458465,166452
1659429552.499964,166434
1659429552.538219,166460
1659429552.576473,166533
1659429552.614727,166612
1659429552.655714,166664
1659429552.696701,166699
1659429552.736321,166744
1659429552.775942,166806
1659429552.815563,166862
1659429552.856549,166926
1659429552.897536,166976
1659429552.936474,167045
1659429552.975411,167106
1659429553.014349,167122
1659429553.059092,167148
1659429553.103836,167193
1659429553.14858,167149
1659429553.189567,166933
1659429553.230554,166816
1659429553.269833,166794
1659429553.309112,166838
1659429553.348391,166948
1659429553.390402,166997
1659429553.432413,167020
1659429553.470668,167027
1659429553.508922,167054
1659429553.547176,167059
1659429553.585431,167083
1659429553.623685,167107
1659429553.661939,167108
1659429553.703951,167106
1659429553.745962,167113
1659429553.7849,167145
1659429553.823837,167125
1659429553.862775,166938
1659429553.900687,166721
1659429553.9386,166657
1659429553.976513,166673
1659429554.018012,166718
1659429554.059511,166790
1659429554.09879,166806
1659429554.138069,166789
1659429554.177348,166795
1659429554.218847,166819
1659429554.260346,166850
1659429554.299625,166882
1659429554.338904,166928
1659429554.378183,166954
1659429554.420195,166997
1659429554.462206,167045
1659429554.506267,167033
1659429554.550328,166851
1659429554.594388,166599
1659429554.628202,166473
1659429554.662016,166453
1659429554.70676,166456
1659429554.751504,166512
1659429554.796248,166571
1659429554.828525,166610
1659429554.860802,166618
1659429554.904863,166620
1659429554.948924,166652
1659429554.992985,166687
1659429555.032264,166722
1659429555.071543,166757
1659429555.110821,166791
1659429555.152321,166810
1659429555.19382,166837
1659429555.232416,166734
1659429555.271012,166468
1659429555.309608,166258
1659429555.352131,166195
1659429555.394655,166197
1659429555.433592,166208
1659429555.47253,166302
1659429555.511467,166348
1659429555.550405,166363
1659429555.589342,166376
1659429555.628279,166402
1659429555.670803,166443
1659429555.713327,166483
1659429555.751581,166526
1659429555.789836,166563
1659429555.82809,166600
1659429555.866686,166634
1659429555.905282,166675
1659429555.943878,166678
1659429555.985377,166498
1659429556.026876,166263
1659429556.068887,166135
1659429556.110899,166139
1659429556.149153,166179
1659429556.187407,166264
1659429556.225662,166359
1659429556.267673,166450
1659429556.309685,166492
1659429556.351696,166518
1659429556.393707,166566
1659429556.432303,166597
1659429556.470899,166631
1659429556.509495,166689
1659429556.550482,166738
1659429556.591469,166800
1659429556.630748,166836
1659429556.670027,166895
1659429556.709306,166961
1659429556.750805,166952
1659429556.792304,166746
1659429556.830899,166570
1659429556.869495,166551
1659429556.908091,166597
1659429556.94959,166677
1659429556.99109,166736
1659429557.029685,166761
1659429557.068281,166754
1659429557.106877,166777
1659429557.148376,166813
1659429557.189875,166875
1659429557.228813,166929
1659429557.26775,166972
1659429557.306688,166994
1659429557.350748,167032
1659429557.394809,167079
1659429557.43887,167122
1659429557.472172,167136
1659429557.505473,166950
1659429557.550559,166711
1659429557.595644,166633
1659429557.64073,166635
1659429557.682741,166677
1659429557.724753,166743
1659429557.763349,166806
1659429557.801944,166816
1659429557.84054,166842
1659429557.879819,166876
1659429557.919098,166918
1659429557.958377,166962
1659429557.999364,167000
1659429558.040351,167044
1659429558.078947,167069
1659429558.117543,167097
1659429558.156138,167141
1659429558.195417,167169
1659429558.234696,167092
1659429558.273975,166825
1659429558.315987,166621
1659429558.357998,166535
1659429558.396252,166525
1659429558.434507,166538
1659429558.472761,166587
1659429558.51426,166653
1659429558.555759,166675
1659429558.595721,166688
1659429558.635684,166715
1659429558.675646,166752
1659429558.716632,166780
1659429558.757619,166811
1659429558.796215,166856
1659429558.834811,166895
1659429558.873407,166927
1659429558.915931,166948
1659429558.958454,166974
1659429559.002173,166916
1659429559.045893,166641
1659429559.089612,166430
1659429559.122914,166344
1659429559.156215,166316
1659429559.200618,166327
1659429559.24502,166390
1659429559.289423,166446
1659429559.328018,166472
1659429559.366614,166524
1659429559.40521,166551
1659429559.445684,166616
1659429559.486159,166658
1659429559.525779,166695
1659429559.5654,166720
1659429559.605021,166765
1659429559.643616,166790
1659429559.682212,166818
1659429559.720808,166843
1659429559.761795,166843
1659429559.802782,166678
1659429559.842061,166419
1659429559.88134,166297
1659429559.920619,166293
1659429559.96263,166310
1659429560.004642,166360
1659429560.042896,166426
1659429560.08115,166486
1659429560.119405,166503
1659429560.158342,166533
1659429560.197279,166590
1659429560.236217,166648
1659429560.277204,166709
1659429560.31819,166753
1659429560.356445,166801
1659429560.394699,166866
1659429560.432953,166925
1659429560.475477,166971
1659429560.518001,166950
1659429560.562403,166783
1659429560.606806,166632
1659429560.651208,166624
1659429560.682972,166658
1659429560.714737,166738
1659429560.759823,166828
1659429560.804908,166881
1659429560.849994,166905
1659429560.883808,166917
1659429560.917622,166952
1659429560.961683,166967
1659429561.005743,167026
1659429561.049804,167073
1659429561.089083,167139
1659429561.128362,167228
1659429561.167641,167299
1659429561.209652,167356
1659429561.251664,167253
1659429561.289918,167043
1659429561.328173,166946
1659429561.366427,166954
1659429561.405364,166994
1659429561.444302,167042
1659429561.483239,167079
1659429561.522518,167090
1659429561.561797,167117
1659429561.601076,167165
1659429561.642063,167225
1659429561.68305,167258
1659429561.721646,167293
1659429561.760242,167324
1659429561.798837,167355
1659429561.843581,167406
1659429561.888325,167435
1659429561.933069,167374
1659429561.974056,167131
1659429562.015043,166957
1659429562.054663,166904
1659429562.094284,166902
1659429562.133904,166935
1659429562.175403,166996
1659429562.216902,167049
1659429562.255498,167061
1659429562.294094,167095
1659429562.33269,167105
1659429562.370944,167121
1659429562.409199,167175
1659429562.447453,167207
1659429562.489977,167234
1659429562.532501,167265
1659429562.570755,167291
1659429562.609009,167303
1659429562.647263,167173
1659429562.685859,166955
1659429562.724455,166814
1659429562.763051,166783
1659429562.803525,166787
1659429562.844,166846
1659429562.883279,166988
1659429562.922558,167075
1659429562.961837,167137
1659429563.003336,167172
1659429563.044835,167216
1659429563.084114,167262
1659429563.123393,167323
1659429563.162672,167354
1659429563.204171,167376
1659429563.24567,167399
1659429563.283925,167416
1659429563.322179,167452
1659429563.360433,167399
1659429563.402957,167161
1659429563.445481,166973
1659429563.489883,166894
1659429563.534285,166898
1659429563.578688,166910
1659429563.616942,166970
1659429563.655196,166984
1659429563.693451,166996
1659429563.73495,167018
1659429563.776449,167035
1659429563.815386,167121
1659429563.854324,167171
1659429563.893261,167235
1659429563.931515,167290
1659429563.96977,167323
1659429564.008024,167377
1659429564.050035,167438
1659429564.092047,167333
1659429564.131667,167115
1659429564.171288,166982
1659429564.210908,166916
1659429564.251895,166919
1659429564.292882,166983
1659429564.332161,167051
1659429564.37144,167053
1659429564.410719,167063
1659429564.453243,167083
1659429564.495767,167109
1659429564.534362,167152
1659429564.572958,167197
1659429564.611554,167229
1659429564.650492,167251
1659429564.689429,167276
1659429564.728366,167296
1659429564.769866,167333
1659429564.811365,167314
1659429564.850302,167159
1659429564.88924,166954
1659429564.928177,166854
1659429564.969676,166834
1659429565.011175,166838
1659429565.055919,166899
1659429565.100663,166949
1659429565.145407,166966
1659429565.177684,166968
1659429565.209961,166972
1659429565.254022,166998
1659429565.298083,167004
1659429565.342143,167032
1659429565.37647,167063
1659429565.410796,167082
1659429565.455199,167101
1659429565.499601,167135
1659429565.544003,167174
1659429565.582941,167180
1659429565.621878,167056
1659429565.660815,166837
1659429565.701802,166715
1659429565.742789,166732
1659429565.781726,166729
1659429565.820664,166756
1659429565.859601,166785
1659429565.897856,166776
1659429565.93611,166760
1659429565.974364,166762
1659429566.015863,166774
1659429566.057362,166758
1659429566.095617,166772
1659429566.133871,166783
1659429566.172125,166809
1659429566.214137,166829
1659429566.256148,166863
1659429566.295427,166896
1659429566.334706,166892
1659429566.373985,166756
1659429566.412923,166601
1659429566.45186,166569
1659429566.490798,166607
1659429566.531784,166672
1659429566.572771,166758
1659429566.615295,166804
1659429566.657819,166851
1659429566.696756,166865
1659429566.735693,166912
1659429566.774631,166981
1659429566.815361,167064
1659429566.856092,167141
1659429566.896823,167198
1659429566.937553,167279
1659429566.977174,167330
1659429567.016794,167388
1659429567.056415,167341
1659429567.095352,167136
1659429567.13429,166985
1659429567.173227,166893
1659429567.213701,166890
1659429567.254176,166938
1659429567.295675,166939
1659429567.337174,166923
1659429567.376795,166879
1659429567.416415,166877
1659429567.456036,166939
1659429567.500438,167018
1659429567.544841,167025
1659429567.589243,167002
1659429567.622545,167006
1659429567.655846,167041
1659429567.70059,167046
1659429567.745334,166927
1659429567.790078,166705
1659429567.823892,166606
1659429567.857706,166619
1659429567.90245,166643
1659429567.947194,166664
1659429567.991938,166692
1659429568.030534,166645
1659429568.069129,166578
1659429568.107725,166587
1659429568.1482,166602
1659429568.188674,166603
1659429568.22727,166608
1659429568.265866,166644
1659429568.304462,166658
1659429568.346473,166692
1659429568.388485,166663
1659429568.427081,166506
1659429568.465677,166307
1659429568.504272,166212
1659429568.544235,166213
1659429568.584197,166246
1659429568.624159,166296
1659429568.664121,166344
1659429568.704083,166371
1659429568.742679,166387
1659429568.781275,166408
1659429568.81987,166455
1659429568.86137,166492
1659429568.902869,166531
1659429568.942489,166563
1659429568.98211,166600
1659429569.02173,166649
1659429569.062205,166640
1659429569.102679,166471
1659429569.140934,166275
1659429569.179188,166213
1659429569.217442,166225
1659429569.259966,166258
1659429569.30249,166318
1659429569.340744,166356
1659429569.378998,166393
1659429569.417253,166395
1659429569.460972,166414
1659429569.504691,166445
1659429569.54841,166465
1659429569.590422,166489
1659429569.632433,166521
1659429569.671371,166554
1659429569.710308,166580
1659429569.749245,166603
1659429569.7875,166499
1659429569.825754,166270
1659429569.864008,166125
1659429569.907044,166083
1659429569.950081,166111
1659429569.989018,166231
1659429570.027956,166348
1659429570.066893,166411
1659429570.107367,166453
1659429570.147842,166484
1659429570.187121,166494
1659429570.2264,166508
1659429570.265679,166488
1659429570.30769,166499
1659429570.349702,166516
1659429570.388297,166526
1659429570.426893,166569
1659429570.465489,166579
1659429570.504427,166487
1659429570.543364,166251
1659429570.582301,166112
1659429570.623801,166058
1659429570.6653,166064
1659429570.704237,166099
1659429570.743175,166146
1659429570.782112,166189
1659429570.824123,166178
1659429570.866135,166178
1659429570.905072,166197
1659429570.94401,166245
1659429570.982947,166267
1659429571.024446,166286
1659429571.065945,166330
1659429571.110348,166341
1659429571.15475,166348
1659429571.199152,166383
1659429571.232966,166375
1659429571.26678,166216
1659429571.3105,165984
1659429571.354219,165861
1659429571.397938,165827
1659429571.436534,165826
1659429571.47513,165879
1659429571.513726,165925
1659429571.554713,165942
1659429571.595699,165946
1659429571.634637,165966
1659429571.673574,165996
1659429571.712512,166020
1659429571.751107,166070
1659429571.789703,166091
1659429571.828299,166125
1659429571.870311,166162
1659429571.912322,166203
1659429571.950918,166222
1659429571.989514,166197
1659429572.02811,166028
1659429572.068072,165813
1659429572.108034,165711
1659429572.147996,165718
1659429572.187958,165739
1659429572.22792,165813
1659429572.267199,165866
1659429572.306478,165890
1659429572.345757,165891
1659429572.386232,165925
1659429572.426706,165958
1659429572.471108,166012
1659429572.515511,166041
1659429572.559913,166078
1659429572.598167,166109
1659429572.636422,166136
1659429572.674676,166167
1659429572.716175,166178
1659429572.757674,166134
1659429572.796612,165971
1659429572.835549,165854
1659429572.874486,165853
1659429572.913765,165909
1659429572.953044,165984
1659429572.992323,166013
1659429573.03331,166001
1659429573.074297,166014
1659429573.112466,165988
1659429573.150635,165998
1659429573.188804,166095
1659429573.226973,166159
1659429573.271375,166149
1659429573.315777,166147
1659429573.36018,166137
1659429573.402191,166187
1659429573.444202,166279
1659429573.483823,166238
1659429573.523443,166131
1659429573.563064,166017
1659429573.603539,165932
1659429573.644013,165935
1659429573.682609,165961
1659429573.721205,166037
1659429573.759801,166159
1659429573.79908,166251
1659429573.838359,166287
1659429573.877638,166325
1659429573.919137,166387
1659429573.960636,166492
1659429573.998549,166594
1659429574.036461,166656
1659429574.074374,166694
1659429574.113995,166727
1659429574.153615,166790
1659429574.193236,166788
1659429574.234735,166645
1659429574.276234,166492
1659429574.315171,166408
1659429574.354109,166435
1659429574.393046,166484
1659429574.435058,166557
1659429574.477069,166619
1659429574.516006,166586
1659429574.554944,166553
1659429574.593881,166532
1659429574.634356,166571
1659429574.67483,166633
1659429574.719574,166699
1659429574.764318,166724
1659429574.809062,166739
1659429574.847316,166698
1659429574.885571,166502
1659429574.923825,166339
1659429574.965324,166301
1659429575.006823,166327
1659429575.04576,166369
1659429575.084698,166401
1659429575.123635,166477
1659429575.165134,166546
1659429575.206634,166628
1659429575.244888,166675
1659429575.283142,166720
1659429575.321396,166739
1659429575.361017,166794
1659429575.400637,166883
1659429575.440258,166930
1659429575.478854,166814
1659429575.51745,166665
1659429575.556046,166644
1659429575.600106,166701
1659429575.644167,166736
1659429575.688228,166760
1659429575.72153,166799
1659429575.754832,166876
1659429575.799234,166962
1659429575.843636,167094
1659429575.888038,167224
1659429575.926634,167346
1659429575.96523,167476
1659429576.003826,167593
1659429576.04635,167609
1659429576.088874,167529
1659429576.12747,167325
1659429576.166065,167080
1659429576.204661,166969
1659429576.24616,166930
1659429576.287659,166912
1659429576.326938,166892
1659429576.366217,166925
1659429576.405496,166952
1659429576.444434,166958
1659429576.483371,166945
1659429576.522309,166981
1659429576.56432,167025
1659429576.606332,167137
1659429576.645611,167250
1659429576.68489,167292
1659429576.724169,167170
1659429576.765155,166885
1659429576.806142,166689
1659429576.844738,166623
1659429576.883334,166616
1659429576.92193,166615
1659429576.963941,166622
1659429577.005953,166636
1659429577.04489,166603
1659429577.083827,166520
1659429577.122765,166512
1659429577.163239,166564
1659429577.203714,166590
1659429577.24231,166711
1659429577.280905,166804
1659429577.319501,166848
1659429577.359873,166856
1659429577.400245,166773
1659429577.440617,166613
1659429577.480989,166430
1659429577.521361,166336
1659429577.562348,166345
1659429577.603335,166338
1659429577.648078,166391
1659429577.692822,166445
1659429577.737566,166456
1659429577.774967,166437
1659429577.812367,166444
1659429577.849768,166525
1659429577.887168,166607
1659429577.929179,166664
1659429577.971191,166719
1659429578.009787,166758
1659429578.048383,166745
1659429578.086978,166724
1659429578.125233,166737
1659429578.163487,166719
1659429578.201741,166727
1659429578.242216,166747
1659429578.28269,166786
1659429578.321969,166840
1659429578.361248,166912
1659429578.400527,166830
1659429578.442026,166577
1659429578.483526,166382
1659429578.527586,166325
1659429578.571647,166317
1659429578.615708,166319
1659429578.649522,166345
1659429578.683336,166366
1659429578.72808,166401
1659429578.772824,166440
1659429578.817568,166474
1659429578.855822,166533
1659429578.894076,166573
1659429578.932331,166598
1659429578.974854,166635
1659429579.017378,166678
1659429579.056316,166747
1659429579.095253,166846
1659429579.13419,166939
1659429579.174665,167049
1659429579.215139,167180
1659429579.254077,167241
1659429579.293014,167294
1659429579.331952,167282
1659429579.370548,167208
1659429579.409143,167162
1659429579.447739,167144
1659429579.489238,167118
1659429579.530737,167077
1659429579.570358,167118
1659429579.609978,167206
1659429579.649599,167295
1659429579.691098,167379
1659429579.732597,167352
1659429579.771193,167360
1659429579.809789,167393
1659429579.848385,167407
1659429579.890908,167369
1659429579.933432,167349
1659429579.972711,167388
1659429580.01199,167475
1659429580.051269,167544
1659429580.092768,167560
1659429580.134268,167586
1659429580.175767,167601
1659429580.217266,167648
1659429580.255862,167660
1659429580.294457,167633
1659429580.333053,167602
1659429580.371308,167576
1659429580.409562,167539
1659429580.447816,167493
1659429580.488803,167540
1659429580.52979,167574
1659429580.572314,167629
1659429580.614837,167655
1659429580.653092,167673
1659429580.691346,167703
1659429580.7296,167731
1659429580.774003,167750
1659429580.818405,167778
1659429580.862807,167825
1659429580.896109,167912
1659429580.929411,168073
1659429580.973813,168207
1659429581.018215,168285
1659429581.062618,168253
1659429581.09592,168126
1659429581.129221,168058
1659429581.173965,168029
1659429581.218709,168004
1659429581.263453,167988
1659429581.301707,167982
1659429581.339962,167969
1659429581.378216,167971
1659429581.419203,167978
1659429581.460189,167987
1659429581.498444,167995
1659429581.536698,167956
1659429581.574952,167938
1659429581.614231,167907
1659429581.65351,167897
1659429581.692789,167886
1659429581.733776,167879
1659429581.774763,167890
1659429581.8137,167876
1659429581.852638,167860
1659429581.891575,167832
1659429581.933074,167817
1659429581.974573,167801
1659429582.014194,167764
1659429582.053814,167703
1659429582.093435,167654
1659429582.134422,167633
1659429582.175409,167597
1659429582.215029,167590
1659429582.25465,167566
1659429582.29427,167543
1659429582.335257,167515
1659429582.376244,167489
1659429582.415181,167464
1659429582.454118,167429
1659429582.493056,167430
1659429582.534555,167407
1659429582.576054,167405
1659429582.615606,167401
1659429582.655159,167378
1659429582.694711,167369
1659429582.734263,167364
1659429582.773815,167367
1659429582.818559,167340
1659429582.863303,167307
1659429582.908047,167286
1659429582.947326,167271
1659429582.986605,167258
1659429583.025884,167258
1659429583.067383,167268
1659429583.108882,167271
1659429583.14782,167261
1659429583.186757,167235
1659429583.225694,167231
1659429583.267706,167257
1659429583.309717,167272
1659429583.348655,167293
1659429583.387592,167298
1659429583.42653,167320
1659429583.465467,167317
1659429583.504405,167348
1659429583.543342,167345
1659429583.584841,167362
1659429583.62634,167390
1659429583.664253,167385
1659429583.702166,167390
1659429583.740078,167366
1659429583.779016,167347
1659429583.817953,167340
1659429583.856891,167349
1659429583.899414,167354
1659429583.941938,167337
1659429583.979851,167343
1659429584.017764,167344
1659429584.055676,167322
1659429584.097688,167349
1659429584.139699,167360
1659429584.178637,167371
1659429584.217574,167391
1659429584.256512,167400
1659429584.298011,167399
1659429584.33951,167394
1659429584.383571,167386
1659429584.427631,167383
1659429584.471692,167356
1659429584.505506,167298
1659429584.53932,167253
1659429584.583381,167227
1659429584.627442,167210
1659429584.671503,167181
1659429584.710212,167144
1659429584.748922,167118
1659429584.787632,167101
1659429584.826342,167073
1659429584.865051,167062
1659429584.903761,167053
1659429584.942471,167035
1659429584.98118,167002
1659429585.01989,166985
1659429585.060057,166967
1659429585.100224,166955
1659429585.140391,166937
1659429585.180558,166893
1659429585.220725,166807
1659429585.260892,166733
1659429585.301059,166674
1659429585.341226,166650
1659429585.381393,166628
1659429585.421561,166590
1659429585.466304,166579
1659429585.511048,166557
1659429585.555792,166529
1659429585.589094,166483
1659429585.622396,166471
1659429585.666456,166454
1659429585.710517,166437
1659429585.754578,166420
1659429585.793515,166389
1659429585.832453,166376
1659429585.87139,166355
1659429585.912889,166311
1659429585.954388,166244
1659429585.992984,166145
1659429586.03158,166069
1659429586.070176,166024
1659429586.109113,166009
1659429586.148051,165997
1659429586.186988,165985
1659429586.228487,165967
1659429586.269987,165941
1659429586.308924,165903
1659429586.347861,165922
1659429586.386799,165913
1659429586.429323,165897
1659429586.471846,165889
1659429586.510784,165880
1659429586.549721,165876
1659429586.588659,165854
1659429586.630158,165851
1659429586.671657,165811
1659429586.710253,165728
1659429586.748849,165614
1659429586.787445,165543
1659429586.829968,165515
1659429586.872492,165521
1659429586.910746,165524
1659429586.949001,165525
1659429586.987255,165517
1659429587.031316,165517
1659429587.075377,165510
1659429587.119437,165504
1659429587.152227,165513
1659429587.185016,165520
1659429587.228394,165506
1659429587.271771,165528
1659429587.315149,165530
1659429587.354087,165537
1659429587.393024,165540
1659429587.431961,165512
1659429587.473973,165427
1659429587.515984,165326
1659429587.554922,165256
1659429587.593859,165255
1659429587.632797,165268
1659429587.674296,165307
1659429587.715795,165334
1659429587.755074,165333
1659429587.794353,165338
1659429587.833632,165353
1659429587.874875,165366
1659429587.916118,165380
1659429587.957361,165395
1659429587.998603,165419
1659429588.037882,165431
1659429588.077161,165460
1659429588.11644,165467
1659429588.154695,165474
1659429588.192949,165488
1659429588.231203,165419
1659429588.273215,165318
1659429588.315226,165236
1659429588.354505,165208
1659429588.393784,165218
1659429588.433063,165239
1659429588.474562,165253
1659429588.516061,165269
1659429588.554316,165269
1659429588.59257,165285
1659429588.630824,165294
1659429588.673861,165318
1659429588.716897,165322
1659429588.755834,165340
1659429588.794771,165368
1659429588.833709,165379
1659429588.874696,165392
1659429588.915682,165403
1659429588.95462,165397
1659429588.993557,165343
1659429589.032495,165248
1659429589.077239,165134
1659429589.121982,165099
1659429589.166726,165108
1659429589.199516,165115
1659429589.232305,165129
1659429589.277049,165149
1659429589.321793,165144
1659429589.366537,165140
1659429589.399326,165162
1659429589.432116,165179
1659429589.476177,165193
1659429589.520237,165207
1659429589.564298,165215
1659429589.603919,165232
1659429589.643539,165239
1659429589.68316,165255
1659429589.725171,165267
1659429589.767182,165211
1659429589.805437,165098
1659429589.843691,164997
1659429589.881945,164980
1659429589.923957,164981
1659429589.965968,165015
1659429590.005247,165045
1659429590.044526,165053
1659429590.083805,165066
1659429590.122401,165083
1659429590.160997,165090
1659429590.199593,165107
1659429590.240067,165147
1659429590.280542,165156
1659429590.319479,165181
1659429590.358417,165204
1659429590.397354,165220
1659429590.438853,165239
1659429590.480352,165231
1659429590.518948,165149
1659429590.557544,165024
1659429590.59614,164957
1659429590.637127,164950
1659429590.678113,164971
1659429590.717051,165003
1659429590.755988,165033
1659429590.794926,165054
1659429590.838986,165049
1659429590.883047,165065
1659429590.927108,165094
1659429590.969632,165112
1659429591.012156,165136
1659429591.050751,165171
1659429591.089347,165199
1659429591.127943,165211
1659429591.169442,165252
1659429591.210941,165261
1659429591.249879,165205
1659429591.288816,165101
1659429591.327754,165003
1659429591.366349,164988
1659429591.404945,165020
1659429591.443541,165054
1659429591.48504,165096
1659429591.526539,165126
1659429591.565477,165138
1659429591.604414,165170
1659429591.643352,165209
1659429591.684339,165242
1659429591.725325,165294
1659429591.764263,165333
1659429591.8032,165365
1659429591.842138,165419
1659429591.881075,165453
1659429591.920012,165461
1659429591.95895,165396
1659429592.001986,165267
1659429592.045022,165200
1659429592.083618,165230
1659429592.122214,165264
1659429592.16081,165293
1659429592.202309,165326
1659429592.243808,165344
1659429592.283087,165350
1659429592.322366,165391
1659429592.361645,165419
1659429592.403144,165452
1659429592.444643,165502
1659429592.488704,165535
1659429592.532764,165557
1659429592.576825,165606
1659429592.610127,165598
1659429592.643429,165511
1659429592.687148,165383
1659429592.730867,165298
1659429592.774586,165292
1659429592.813524,165307
1659429592.852461,165340
1659429592.891399,165363
1659429592.933923,165378
1659429592.976446,165372
1659429593.015384,165381
1659429593.054321,165403
1659429593.093259,165409
1659429593.134758,165430
1659429593.176257,165453
1659429593.217756,165475
1659429593.259255,165491
1659429593.298534,165494
1659429593.337813,165401
1659429593.377092,165267
1659429593.415005,165216
1659429593.452918,165218
1659429593.49083,165243
1659429593.531817,165281
1659429593.572804,165322
1659429593.611741,165374
1659429593.650679,165434
1659429593.689616,165499
1659429593.728212,165565
1659429593.766808,165648
1659429593.805404,165718
1659429593.846903,165786
1659429593.888402,165799
1659429593.926998,165814
1659429593.965594,165786
1659429594.004189,165702
1659429594.045176,165602
1659429594.086163,165598
1659429594.125783,165629
1659429594.165404,165650
1659429594.205025,165716
1659429594.246524,165754
1659429594.288023,165770
1659429594.326619,165796
1659429594.365215,165821
1659429594.403811,165843
1659429594.448896,165839
1659429594.493981,165851
1659429594.539067,165885
1659429594.572881,165912
1659429594.606695,165926
1659429594.650414,165911
1659429594.694133,165787
1659429594.737853,165634
1659429594.778839,165567
1659429594.819826,165571
1659429594.859105,165586
1659429594.898384,165645
1659429594.937663,165700
1659429594.975917,165732
1659429595.014172,165759
1659429595.052426,165781
1659429595.09495,165793
1659429595.137474,165839
1659429595.176753,165863
1659429595.216032,165903
1659429595.255311,165947
1659429595.29681,165986
1659429595.338309,166023
1659429595.377246,166016
1659429595.416184,165912
1659429595.455121,165747
1659429595.4944,165659
1659429595.533679,165660
1659429595.572958,165690
1659429595.614969,165739
1659429595.656981,165775
1659429595.695577,165772
1659429595.734173,165774
1659429595.772768,165789
1659429595.814268,165823
1659429595.855767,165872
1659429595.894362,165910
1659429595.932958,165988
1659429595.971554,166028
1659429596.013053,166011
1659429596.054553,166061
1659429596.098955,166127
1659429596.143357,166205
1659429596.187759,166226
1659429596.220549,166144
1659429596.253338,166117
1659429596.297741,166147
1659429596.342143,166234
1659429596.386545,166305
1659429596.425483,166391
1659429596.46442,166416
1659429596.503358,166423
1659429596.545369,166482
1659429596.58738,166544
1659429596.625976,166564
1659429596.664572,166565
1659429596.703168,166542
1659429596.744155,166514
1659429596.785142,166551
1659429596.823737,166588
1659429596.862333,166602
1659429596.900929,166557
1659429596.939525,166489
1659429596.978121,166463
1659429597.016717,166500
1659429597.058216,166592
1659429597.099715,166625
1659429597.138653,166658
1659429597.17759,166671
1659429597.216527,166684
1659429597.254782,166746
1659429597.293036,166801
1659429597.33129,166794
1659429597.372789,166789
1659429597.414289,166784
1659429597.454251,166796
1659429597.494213,166838
1659429597.534175,166866
1659429597.575161,166816
1659429597.616148,166665
1659429597.660209,166556
1659429597.70427,166539
1659429597.748331,166539
1659429597.782145,166569
1659429597.815959,166589
1659429597.860361,166606
1659429597.904763,166604
1659429597.949166,166622
1659429597.988103,166679
1659429598.027041,166718
1659429598.065978,166759
1659429598.107477,166749
1659429598.148976,166740
1659429598.187914,166763
1659429598.226851,166778
1659429598.265789,166691
1659429598.306775,166495
1659429598.347762,166373
1659429598.388339,166340
1659429598.428916,166369
1659429598.469493,166398
1659429598.51007,166435
1659429598.550647,166463
1659429598.591633,166475
1659429598.63262,166483
1659429598.671558,166495
1659429598.710495,166530
1659429598.749432,166541
1659429598.792469,166573
1659429598.835505,166593
1659429598.873759,166615
1659429598.912013,166642
1659429598.950268,166619
1659429598.988863,166473
1659429599.027459,166305
1659429599.066055,166228
1659429599.107554,166219
1659429599.149053,166254
1659429599.187649,166300
1659429599.226245,166322
1659429599.264841,166350
1659429599.303437,166354
1659429599.342033,166374
1659429599.380629,166398
1659429599.421615,166428
1659429599.462602,166459
1659429599.501198,166469
1659429599.539794,166492
1659429599.57839,166524
1659429599.620401,166553
1659429599.662413,166566
1659429599.707498,166492
1659429599.752584,166290
1659429599.797669,166158
1659429599.835923,166139
1659429599.874178,166158
1659429599.912432,166191
1659429599.953931,166235
1659429599.99543,166259
1659429600.034026,166252
1659429600.072622,166266
1659429600.111218,166266
1659429600.149472,166292
1659429600.187726,166325
1659429600.225981,166353
1659429600.267992,166370
1659429600.310004,166388
1659429600.348941,166386
1659429600.387878,166409
1659429600.426816,166446
1659429600.46507,166407
1659429600.503325,166237
1659429600.541579,166087
1659429600.582053,166047
1659429600.622528,166069
1659429600.661807,166091
1659429600.701086,166149
1659429600.740365,166186
1659429600.782376,166190
1659429600.824388,166205
1659429600.863325,166251
1659429600.902262,166304
1659429600.9412,166344
1659429600.983211,166408
1659429601.025223,166444
1659429601.064502,166477
1659429601.103781,166512
1659429601.14306,166563
1659429601.185071,166609
1659429601.227082,166598
1659429601.271485,166467
1659429601.315887,166310
1659429601.36029,166262
1659429601.393591,166289
1659429601.426893,166374
1659429601.470612,166459
1659429601.514331,166510
1659429601.558051,166521
1659429601.596988,166510
1659429601.635926,166537
1659429601.674863,166563
1659429601.716874,166606
1659429601.758886,166631
1659429601.797482,166661
1659429601.836077,166682
1659429601.874673,166702
1659429601.916173,166730
1659429601.957672,166731
1659429601.996609,166599
1659429602.035547,166376
1659429602.074484,166245
1659429602.113763,166216
1659429602.153042,166226
1659429602.192321,166276
1659429602.23382,166326
1659429602.275319,166335
1659429602.314256,166334
1659429602.353194,166336
1659429602.392131,166350
1659429602.430386,166384
1659429602.46864,166410
1659429602.506894,166443
1659429602.548393,166460
1659429602.589893,166492
1659429602.631904,166537
1659429602.673915,166572
1659429602.71217,166596
1659429602.750424,166501
1659429602.788678,166327
1659429602.833081,166237
1659429602.877483,166276
1659429602.921885,166330
1659429602.955699,166387
1659429602.989513,166459
1659429603.033916,166468
1659429603.078318,166455
1659429603.12272,166426
1659429603.154998,166428
1659429603.187275,166429
1659429603.232018,166437
1659429603.276762,166429
1659429603.321506,166437
1659429603.360102,166459
1659429603.398698,166476
1659429603.437294,166509
1659429603.478793,166426
1659429603.520292,166236
1659429603.55923,166109
1659429603.598167,166101
1659429603.637105,166127
1659429603.678091,166166
1659429603.719078,166205
1659429603.760065,166216
1659429603.801051,166234
1659429603.840672,166234
1659429603.880293,166248
1659429603.919913,166275
1659429603.961412,166285
1659429604.002911,166302
1659429604.041507,166321
1659429604.080103,166328
1659429604.118699,166328
1659429604.160198,166361
1659429604.201697,166308
1659429604.241659,166094
1659429604.281621,165896
1659429604.321584,165838
1659429604.363082,165847
1659429604.404582,165884
1659429604.443519,165944
1659429604.482456,165979
1659429604.521394,165985
1659429604.560331,165972
1659429604.599269,165981
1659429604.638206,166001
1659429604.680218,166022
1659429604.722229,166066
1659429604.760483,166088
1659429604.798738,166109
1659429604.836992,166130
1659429604.878491,166158
1659429604.91999,166162
1659429604.958586,166053
1659429604.997182,165866
1659429605.035778,165736
1659429605.077789,165722
1659429605.119801,165751
1659429605.158738,165784
1659429605.197675,165830
1659429605.236613,165860
1659429605.278625,165858
1659429605.320636,165850
1659429605.362135,165872
1659429605.403634,165924
1659429605.445133,165979
1659429605.486632,166024
1659429605.525911,166059
1659429605.56519,166084
1659429605.604469,166107
1659429605.642724,166132
1659429605.680978,166148
1659429605.719232,166001
1659429605.760219,165804
1659429605.801206,165760
1659429605.840143,165775
1659429605.879081,165811
1659429605.918018,165839
1659429605.959517,165868
1659429606.001016,165870
1659429606.03927,165872
1659429606.077525,165890
1659429606.115779,165910
1659429606.157278,165937
1659429606.198777,165962
1659429606.24318,165974
1659429606.287582,165974
1659429606.331984,166000
1659429606.370922,166026
1659429606.409859,166051
1659429606.448797,166005
1659429606.490808,165858
1659429606.53282,165756
1659429606.571757,165749
1659429606.610694,165813
1659429606.649632,165885
1659429606.688228,165951
1659429606.726824,166004
1659429606.765419,166029
1659429606.807943,166062
1659429606.850467,166121
1659429606.889404,166167
1659429606.928342,166224
1659429606.967279,166274
1659429607.005533,166310
1659429607.043788,166342
1659429607.082042,166401
1659429607.123029,166414
1659429607.164016,166334
1659429607.203295,166213
1659429607.242574,166163
1659429607.281853,166209
1659429607.323352,166296
1659429607.364851,166353
1659429607.403788,166384
1659429607.442726,166401
1659429607.481663,166395
1659429607.524187,166427
1659429607.566711,166451
1659429607.605307,166482
1659429607.643903,166527
1659429607.682498,166582
1659429607.726901,166630
1659429607.771303,166646
1659429607.815705,166557
1659429607.858229,166364
1659429607.900753,166280
1659429607.939349,166285
1659429607.977945,166328
1659429608.016541,166382
1659429608.057527,166395
1659429608.098514,166399
1659429608.137451,166400
1659429608.176389,166481
1659429608.215326,166547
1659429608.253581,166541
1659429608.291835,166525
1659429608.330089,166526
1659429608.371588,166557
1659429608.413087,166552
1659429608.452708,166449
1659429608.492328,166218
1659429608.531949,166055
1659429608.572936,166000
1659429608.613923,165994
1659429608.652519,165998
1659429608.691114,166013
1659429608.72971,166057
1659429608.768989,166076
1659429608.808268,166090
1659429608.847547,166092
1659429608.8871,166091
1659429608.926652,166087
1659429608.966204,166104
1659429609.005756,166141
1659429609.045308,166138
1659429609.086807,166017
1659429609.128307,165766
1659429609.170318,165646
1659429609.212329,165610
1659429609.250584,165639
1659429609.288838,165686
1659429609.327092,165720
1659429609.371153,165735
1659429609.415214,165728
1659429609.459275,165737
1659429609.492576,165747
1659429609.525878,165763
1659429609.569939,165757
1659429609.614,165776
1659429609.658061,165800
1659429609.697681,165828
1659429609.737302,165801
1659429609.776922,165598
1659429609.818421,165402
1659429609.85992,165336
1659429609.898516,165346
1659429609.937112,165373
1659429609.975708,165404
1659429610.017207,165435
1659429610.058706,165440
1659429610.098327,165457
1659429610.137947,165454
1659429610.177568,165478
1659429610.215822,165489
1659429610.254076,165506
1659429610.292331,165528
1659429610.33383,165547
1659429610.375329,165567
1659429610.413925,165519
1659429610.452521,165329
1659429610.491117,165153
1659429610.529712,165093
1659429610.568308,165124
1659429610.606904,165144
1659429610.648916,165199
1659429610.690927,165209
1659429610.732939,165208
1659429610.77495,165208
1659429610.813887,165246
1659429610.852825,165274
1659429610.891762,165298
1659429610.933774,165319
1659429610.975785,165337
1659429611.014723,165367
1659429611.05366,165377
1659429611.092597,165378
1659429611.137,165265
1659429611.181402,165085
1659429611.225804,165006
1659429611.258594,165031
1659429611.291383,165085
1659429611.335785,165140
1659429611.380188,165204
1659429611.42459,165228
1659429611.466089,165210
1659429611.507588,165230
1659429611.546184,165244
1659429611.58478,165283
1659429611.623376,165313
1659429611.66163,165350
1659429611.699885,165382
1659429611.738139,165398
1659429611.78015,165407
1659429611.822162,165356
1659429611.860758,165182
1659429611.899354,165047
1659429611.937949,165042
1659429611.976887,165086
1659429612.015824,165124
1659429612.054762,165161
1659429612.096773,165170
1659429612.138785,165162
1659429612.177039,165172
1659429612.215293,165209
1659429612.253547,165224
1659429612.294022,165257
1659429612.334496,165291
1659429612.373775,165300
1659429612.413054,165324
1659429612.452333,165339
1659429612.493832,165330
1659429612.535331,165202
1659429612.573927,165033
1659429612.612523,164986
1659429612.651119,165011
1659429612.692618,165066
1659429612.734117,165101
1659429612.772713,165130
1659429612.811309,165148
1659429612.849905,165165
1659429612.894307,165205
1659429612.93871,165249
1659429612.983112,165297
1659429613.026148,165361
1659429613.069184,165444
1659429613.10778,165527
1659429613.146376,165607
1659429613.184972,165678
1659429613.226471,165607
1659429613.26797,165477
1659429613.307249,165441
1659429613.346528,165503
1659429613.385807,165584
1659429613.424744,165714
1659429613.463682,165786
1659429613.502619,165811
1659429613.543094,165793
1659429613.583568,165802
1659429613.622847,165822
1659429613.662126,165848
1659429613.701405,165865
1659429613.742392,165886
1659429613.783379,165910
1659429613.822658,165925
1659429613.861937,165885
1659429613.901216,165709
1659429613.939811,165571
1659429613.978407,165546
1659429614.017003,165614
1659429614.059015,165681
1659429614.101026,165752
1659429614.141193,165780
1659429614.18136,165808
1659429614.221527,165856
1659429614.261694,165899
1659429614.301861,165962
1659429614.343873,166010
1659429614.385884,166038
1659429614.42448,166089
1659429614.463076,166139
1659429614.501672,166152
1659429614.542659,166020
1659429614.583645,165880
1659429614.623266,165831
1659429614.662886,165876
1659429614.702507,165942
1659429614.746226,166013
1659429614.789945,166100
1659429614.833664,166197
1659429614.866454,166341
1659429614.899243,166404
1659429614.943646,166475
1659429614.988048,166559
1659429615.03245,166665
1659429615.071046,166739
1659429615.109642,166756
1659429615.148238,166667
1659429615.186834,166470
1659429615.22543,166321
1659429615.264025,166286
1659429615.306549,166287
1659429615.349073,166288
1659429615.387669,166278
1659429615.426265,166263
1659429615.464861,166240
1659429615.50636,166253
1659429615.547859,166263
1659429615.586455,166271
1659429615.625051,166300
1659429615.663646,166307
1659429615.702584,166322
1659429615.741521,166338
1659429615.780459,166287
1659429615.821958,166080
1659429615.863457,165878
1659429615.904956,165795
1659429615.946455,165807
1659429615.985393,165834
1659429616.02433,165883
1659429616.063267,165920
1659429616.10767,165962
1659429616.152072,166001
1659429616.196475,166035
1659429616.230289,166079
1659429616.264103,166129
1659429616.308846,166193
1659429616.35359,166259
1659429616.398334,166339
1659429616.431124,166331
1659429616.463913,166195
1659429616.508657,166054
1659429616.553401,166088
1659429616.598145,166154
1659429616.640156,166154
1659429616.682168,166202
1659429616.720763,166245
1659429616.759359,166260
1659429616.797955,166270
1659429616.836551,166268
1659429616.875147,166270
1659429616.913743,166255
1659429616.955754,166287
1659429616.997766,166268
1659429617.03602,166268
1659429617.074275,166253
1659429617.112529,166216
1659429617.152149,166043
1659429617.19177,165844
1659429617.23139,165780
1659429617.272889,165777
1659429617.314389,165799
1659429617.352643,165839
1659429617.390897,165877
1659429617.429152,165879
1659429617.470651,165860
1659429617.51215,165878
1659429617.552112,165902
1659429617.592074,165928
1659429617.632036,165944
1659429617.673023,165953
1659429617.71401,165979
1659429617.752947,166001
1659429617.791884,166032
1659429617.830822,166047
1659429617.872321,166000
1659429617.91382,165798
1659429617.957539,165633
1659429618.001258,165553
1659429618.044978,165525
1659429618.083574,165531
1659429618.122169,165557
1659429618.160765,165563
1659429618.202777,165565
1659429618.244788,165581
1659429618.283042,165617
1659429618.321297,165669
1659429618.359551,165680
1659429618.400538,165678
1659429618.441525,165667
1659429618.481487,165646
1659429618.521449,165659
1659429618.561411,165690
1659429618.600007,165682
1659429618.638603,165584
1659429618.677199,165366
1659429618.718185,165210
1659429618.759172,165152
1659429618.798451,165156
1659429618.83773,165179
1659429618.877009,165218
1659429618.91902,165178
1659429618.961032,165103
1659429618.999286,165098
1659429619.037541,165123
1659429619.075795,165042
1659429619.114732,165024
1659429619.15367,165051
1659429619.192607,165070
1659429619.233594,165057
1659429619.274581,165063
1659429619.312835,165031
1659429619.351089,165037
1659429619.389344,165000
1659429619.431611,164898
1659429619.473879,164828
1659429619.516146,164873
1659429619.558414,164981
1659429619.597352,165143
1659429619.636289,165312
1659429619.675226,165419
1659429619.717238,165471
1659429619.759249,165553
1659429619.798528,165675
1659429619.837807,165794
1659429619.877086,165900
1659429619.918585,165988
1659429619.960084,166058
1659429619.99868,166101
1659429620.037276,166154
1659429620.075872,166187
1659429620.118396,166124
1659429620.160919,165967
1659429620.20498,165839
1659429620.249041,165841
1659429620.293102,165909
1659429620.331698,165955
1659429620.370294,165971
1659429620.40889,165979
1659429620.450389,165972
1659429620.491888,165945
1659429620.530142,165948
1659429620.568396,165938
1659429620.606651,165926
1659429620.645588,165969
1659429620.684525,166005
1659429620.723463,166036
1659429620.765987,166050
1659429620.808511,166049
1659429620.847106,165938
1659429620.885702,165735
1659429620.924298,165613
1659429620.965285,165580
1659429621.006272,165602
1659429621.045209,165611
1659429621.084146,165634
1659429621.123084,165629
1659429621.162021,165603
1659429621.200959,165583
1659429621.239896,165634
1659429621.281395,165655
1659429621.322894,165686
1659429621.361149,165690
1659429621.399403,165706
1659429621.437657,165743
1659429621.479156,165805
1659429621.520656,165805
1659429621.564375,165693
1659429621.608094,165571
1659429621.651813,165525
1659429621.685115,165566
1659429621.718417,165634
1659429621.76316,165665
1659429621.807904,165705
1659429621.852648,165717
1659429621.88595,165740
1659429621.919252,165776
1659429621.963313,165837
1659429622.007373,165883
1659429622.051434,165935
1659429622.090713,165983
1659429622.129992,166037
1659429622.169271,166109
1659429622.211282,166130
1659429622.253294,166014
1659429622.291548,165934
1659429622.329803,165944
1659429622.368057,166034
1659429622.409556,166139
1659429622.451055,166200
1659429622.489651,166194
1659429622.528247,166182
1659429622.566843,166189
1659429622.60578,166220
1659429622.644718,166257
1659429622.683655,166279
1659429622.725667,166306
1659429622.767678,166325
1659429622.806615,166366
1659429622.845553,166347
1659429622.88449,166201
1659429622.923428,166029
1659429622.962365,165977
1659429623.001302,165999
1659429623.043826,166044
1659429623.08635,166095
1659429623.127849,166107
1659429623.169348,166086
1659429623.207944,166035
1659429623.24654,166058
1659429623.285136,166115
1659429623.326635,166145
1659429623.368134,166179
1659429623.407755,166245
1659429623.447375,166312
1659429623.486996,166308
1659429623.530715,166141
1659429623.574434,165970
1659429623.618153,165914
1659429623.651455,165913
1659429623.684757,165954
1659429623.729159,165969
1659429623.773561,165962
1659429623.817964,165936
1659429623.855877,165872
1659429623.893789,165875
1659429623.931702,165929
1659429623.974226,165997
1659429624.01675,166038
1659429624.055687,166020
1659429624.094625,166032
1659429624.133562,166023
1659429624.174549,165889
1659429624.215535,165590
1659429624.254473,165429
1659429624.29341,165369
1659429624.332348,165369
1659429624.371285,165396
1659429624.410223,165437
1659429624.44916,165461
1659429624.490659,165479
1659429624.532158,165496
1659429624.570754,165527
1659429624.60935,165586
1659429624.647946,165654
1659429624.689445,165711
1659429624.730944,165758
1659429624.772443,165775
1659429624.813942,165821
1659429624.852538,165820
1659429624.891134,165712
1659429624.92973,165480
1659429624.968326,165343
1659429625.006922,165299
1659429625.045517,165327
1659429625.087529,165399
1659429625.12954,165449
1659429625.168136,165477
1659429625.206732,165489
1659429625.245328,165518
1659429625.287852,165555
1659429625.330375,165591
1659429625.374778,165616
1659429625.41918,165624
1659429625.463583,165654
1659429625.496884,165663
1659429625.530186,165689
1659429625.574588,165724
1659429625.618991,165757
1659429625.663393,165730
1659429625.697719,165547
1659429625.732046,165367
1659429625.775765,165288
1659429625.819484,165308
1659429625.863204,165349
1659429625.902141,165406
1659429625.941078,165459
1659429625.980016,165473
1659429626.021003,165495
1659429626.061989,165507
1659429626.101268,165549
1659429626.140547,165599
1659429626.179826,165654
1659429626.221838,165684
1659429626.263849,165690
1659429626.30347,165740
1659429626.34309,165784
1659429626.382711,165848
1659429626.421307,165857
1659429626.459903,165730
1659429626.498498,165553
1659429626.539998,165478
1659429626.581497,165499
1659429626.621117,165530
1659429626.660738,165601
1659429626.700358,165656
1659429626.741857,165703
1659429626.783356,165726
1659429626.821269,165758
1659429626.859182,165808
1659429626.897095,165849
1659429626.939106,165906
1659429626.981117,165939
1659429627.019372,165984
1659429627.057626,166038
1659429627.095881,166095
1659429627.13738,166146
1659429627.178879,166149
1659429627.217816,166026
1659429627.256754,165865
1659429627.295691,165807
1659429627.340093,165827
1659429627.384496,165873
1659429627.428898,165917
1659429627.467152,165932
1659429627.505407,165925
1659429627.543661,165929
1659429627.586185,165974
1659429627.628709,166052
1659429627.667646,166105
1659429627.706583,166149
1659429627.745521,166169
1659429627.786508,166187
1659429627.827494,166212
1659429627.866773,166225
1659429627.906052,166178
1659429627.945331,165969
1659429627.983586,165769
1659429628.02184,165677
1659429628.060094,165675
1659429628.101593,165690
1659429628.143092,165751
1659429628.18203,165774
1659429628.220967,165793
1659429628.259905,165794
1659429628.300891,165808
1659429628.341878,165830
1659429628.380474,165844
1659429628.41907,165925
1659429628.457666,165964
1659429628.499677,165973
1659429628.541689,166011
1659429628.580968,166043
1659429628.620247,166019
1659429628.659526,165820
1659429628.700512,165606
1659429628.741499,165543
1659429628.780778,165516
1659429628.820057,165560
1659429628.859336,165627
1659429628.903738,165683
1659429628.948141,165708
1659429628.992543,165708
1659429629.031139,165708
1659429629.069735,165720
1659429629.108331,165710
1659429629.150855,165741
1659429629.193378,165807
1659429629.232316,165853
1659429629.271253,165888
1659429629.310191,165880
1659429629.350665,165804
1659429629.39114,165601
1659429629.430418,165448
1659429629.469697,165416
1659429629.508976,165444
1659429629.547914,165498
1659429629.586851,165574
1659429629.625789,165605
1659429629.6678,165606
1659429629.709812,165629
1659429629.748407,165668
1659429629.787003,165713
1659429629.825599,165762
1659429629.867611,165800
1659429629.909622,165832
1659429629.949379,165863
1659429629.989136,165911
1659429630.028893,165887
1659429630.068651,165754
1659429630.108408,165625
1659429630.146662,165569
1659429630.184916,165583
1659429630.223171,165656
1659429630.26467,165757
1659429630.306169,165848
1659429630.344423,165926
1659429630.382678,166007
1659429630.420932,166056
1659429630.462944,166097
1659429630.504955,166116
1659429630.549016,166138
1659429630.593076,166185
1659429630.637137,166199
1659429630.676075,166138
1659429630.715012,165929
1659429630.753949,165744
1659429630.795449,165706
1659429630.836948,165729
1659429630.875885,165758
1659429630.914823,165795
1659429630.95376,165808
1659429630.995259,165799
1659429631.036758,165800
1659429631.075696,165808
1659429631.114633,165837
1659429631.15357,165861
1659429631.192508,165869
1659429631.231445,165900
1659429631.270383,165917
1659429631.310857,165936
1659429631.351332,165814
1659429631.390269,165623
1659429631.429206,165555
1659429631.468144,165578
1659429631.507423,165606
1659429631.546702,165651
1659429631.585981,165731
1659429631.626455,165756
1659429631.66693,165772
1659429631.706209,165796
1659429631.745488,165842
1659429631.784767,165874
1659429631.827291,165888
1659429631.869814,165900
1659429631.90841,165920
1659429631.947006,165944
1659429631.985602,165894
1659429632.027101,165706
1659429632.0686,165539
1659429632.114027,165497
1659429632.159454,165534
1659429632.204881,165564
1659429632.238183,165608
1659429632.271485,165660
1659429632.315545,165703
1659429632.359606,165700
1659429632.403667,165734
1659429632.436969,165765
1659429632.47027,165792
1659429632.514331,165831
1659429632.558392,165846
1659429632.602453,165857
1659429632.640365,165871
1659429632.678278,165799
1659429632.716191,165591
1659429632.759227,165440
1659429632.802263,165452
1659429632.841201,165488
1659429632.880138,165541
1659429632.919075,165550
1659429632.958013,165548
1659429632.99695,165555
1659429633.035888,165574
1659429633.077387,165600
1659429633.118886,165601
1659429633.157823,165610
1659429633.196761,165625
1659429633.235698,165649
1659429633.277197,165670
1659429633.318696,165669
1659429633.357975,165544
1659429633.397254,165353
1659429633.436533,165267
1659429633.47752,165286
1659429633.518507,165378
1659429633.556761,165458
1659429633.595016,165493
1659429633.63327,165462
1659429633.675281,165411
1659429633.717293,165396
1659429633.755889,165417
1659429633.794484,165452
1659429633.83308,165440
1659429633.8768,165459
1659429633.920519,165505
1659429633.964238,165494
1659429633.99754,165403
1659429634.030842,165221
1659429634.075585,165132
1659429634.120329,165132
1659429634.165073,165187
1659429634.206572,165199
1659429634.248071,165190
1659429634.287009,165213
1659429634.325946,165227
1659429634.364884,165241
1659429634.404163,165248
1659429634.443442,165299
1659429634.482721,165363
1659429634.523195,165461
1659429634.563669,165529
1659429634.602607,165568
1659429634.641544,165504
1659429634.680482,165367
1659429634.723006,165308
1659429634.765529,165354
1659429634.804125,165425
1659429634.842721,165511
1659429634.881317,165582
1659429634.919913,165617
1659429634.958509,165635
1659429634.997105,165682
1659429635.039116,165709
1659429635.081127,165761
1659429635.120406,165811
1659429635.159685,165842
1659429635.198964,165896
1659429635.24072,165897
1659429635.282475,165763
1659429635.32423,165621
1659429635.365985,165613
1659429635.405264,165673
1659429635.444543,165753
1659429635.483822,165818
1659429635.525321,165852
1659429635.566821,165881
1659429635.605417,165911
1659429635.644012,165932
1659429635.682608,165953
1659429635.724107,165992
1659429635.765606,166023
1659429635.804202,166055
1659429635.842798,166035
1659429635.881394,165877
1659429635.923405,165726
1659429635.965417,165692
1659429636.004354,165742
1659429636.043292,165818
1659429636.082229,165882
1659429636.123728,165911
1659429636.165227,165903
1659429636.203482,165897
1659429636.241736,165912
1659429636.27999,165948
1659429636.324734,165977
1659429636.369478,166002
1659429636.414222,166039
1659429636.456234,165981
1659429636.498245,165795
1659429636.537182,165652
1659429636.57612,165604
1659429636.615057,165602
1659429636.655532,165636
1659429636.696006,165673
1659429636.734943,165697
1659429636.773881,165721
1659429636.812818,165690
1659429636.851414,165674
1659429636.89001,165662
1659429636.928606,165674
1659429636.970105,165695
1659429637.011604,165753
1659429637.049859,165760
1659429637.088113,165605
1659429637.126367,165379
1659429637.16428,165244
1659429637.202193,165215
1659429637.240105,165229
1659429637.283141,165292
1659429637.326178,165362
1659429637.365115,165376
1659429637.404052,165371
1659429637.44299,165377
1659429637.483977,165422
1659429637.524963,165453
1659429637.564242,165492
1659429637.603521,165520
1659429637.6428,165566
1659429637.684812,165595
1659429637.726823,165543
1659429637.765419,165357
1659429637.804015,165199
1659429637.842611,165162
1659429637.88411,165172
1659429637.925609,165233
1659429637.970353,165304
1659429638.015097,165330
1659429638.059841,165338
1659429638.097754,165336
1659429638.135666,165351
1659429638.173579,165401
1659429638.216103,165389
1659429638.258626,165380
1659429638.297564,165409
1659429638.336501,165455
1659429638.375439,165483
1659429638.416938,165546
1659429638.458437,165601
1659429638.497375,165609
1659429638.536312,165507
1659429638.575249,165313
1659429638.614528,165237
1659429638.653807,165244
1659429638.693086,165282
1659429638.734585,165340
1659429638.776084,165401
1659429638.815022,165446
1659429638.853959,165458
1659429638.892897,165497
1659429638.934396,165550
1659429638.975895,165606
1659429639.014149,165613
1659429639.052404,165652
1659429639.090658,165678
1659429639.129254,165691
1659429639.16785,165714
1659429639.206445,165750
1659429639.248969,165813
1659429639.291493,165796
1659429639.335212,165653
1659429639.378932,165466
1659429639.422651,165391
1659429639.455952,165419
1659429639.489254,165460
1659429639.533657,165507
1659429639.578059,165576
1659429639.622461,165619
1659429639.661057,165631
1659429639.699653,165676
1659429639.738249,165720
1659429639.78026,165783
1659429639.822272,165853
1659429639.861551,165884
1659429639.90083,165908
1659429639.940109,165936
1659429639.980583,165966
1659429640.021058,165954
1659429640.059312,165964
1659429640.097566,165950
1659429640.13582,165853
1659429640.175099,165656
1659429640.214378,165524
1659429640.253657,165526
1659429640.294644,165532
1659429640.335631,165578
1659429640.374227,165636
1659429640.412823,165677
1659429640.451419,165698
1659429640.492918,165711
1659429640.534417,165745
1659429640.575916,165784
1659429640.617415,165836
1659429640.656694,165902
1659429640.695973,165942
1659429640.735252,165978
1659429640.773848,166005
1659429640.812444,166036
1659429640.85104,166065
1659429640.893563,166086
1659429640.936087,165981
1659429640.975024,165813
1659429641.013962,165686
1659429641.052899,165676
1659429641.094398,165728
1659429641.135898,165804
1659429641.175177,165882
1659429641.214456,165937
1659429641.253735,165979
1659429641.294721,166015
1659429641.335708,166072
1659429641.374304,166107
1659429641.4129,166122
1659429641.451496,166166
1659429641.49624,166202
1659429641.540983,166252
1659429641.585727,166311
1659429641.626714,166358
1659429641.667701,166409
1659429641.706638,166395
1659429641.745576,166327
1659429641.784513,166286
1659429641.823792,166315
1659429641.863071,166354
1659429641.90235,166374
1659429641.944361,166368
1659429641.986373,166352
1659429642.024627,166343
1659429642.062882,166321
1659429642.101136,166307
1659429642.14366,166329
1659429642.186183,166357
1659429642.224779,166353
1659429642.263375,166370
1659429642.301971,166402
1659429642.340225,166421
1659429642.37848,166408
1659429642.416734,166288
1659429642.459258,166108
1659429642.501782,165978
1659429642.540377,165954
1659429642.578973,166004
1659429642.617569,166102
1659429642.658044,166183
1659429642.698518,166229
1659429642.737797,166230
1659429642.777076,166241
1659429642.816355,166262
1659429642.858366,166278
1659429642.900378,166297
1659429642.938974,166320
1659429642.97757,166344
1659429643.016165,166387
1659429643.057152,166458
1659429643.098139,166435
1659429643.143224,166217
1659429643.18831,166053
1659429643.233395,166013
1659429643.271308,166014
1659429643.309221,166059
1659429643.347134,166149
1659429643.389657,166175
1659429643.432181,166180
1659429643.470777,166204
1659429643.509373,166232
1659429643.547969,166301
1659429643.586223,166353
1659429643.624477,166375
1659429643.662732,166380
1659429643.704231,166346
1659429643.74573,166241
1659429643.784667,166052
1659429643.823605,165921
1659429643.862542,165871
1659429643.904041,165875
1659429643.94554,165869
1659429643.984819,165891
1659429644.024098,165941
1659429644.063377,165958
1659429644.102315,165971
1659429644.141252,166009
1659429644.18019,166073
1659429644.222201,166114
1659429644.264213,166154
1659429644.30315,166178
1659429644.342088,166171
1659429644.381025,166081
1659429644.423036,165856
1659429644.465048,165713
1659429644.509109,165658
1659429644.553169,165661
1659429644.59723,165689
1659429644.630019,165740
1659429644.662809,165774
1659429644.707211,165767
1659429644.751614,165770
1659429644.796016,165787
1659429644.830342,165809
1659429644.864669,165811
1659429644.908388,165851
1659429644.952107,165924
1659429644.995826,165977
1659429645.035105,165933
1659429645.074384,165724
1659429645.113663,165538
1659429645.155162,165483
1659429645.196661,165519
1659429645.23594,165540
1659429645.275219,165577
1659429645.314498,165614
1659429645.355998,165606
1659429645.397497,165602
1659429645.436776,165617
1659429645.476055,165649
1659429645.515334,165675
1659429645.553588,165701
1659429645.591842,165730
1659429645.630097,165760
1659429645.672108,165812
1659429645.714119,165827
1659429645.753672,165661
1659429645.793224,165426
1659429645.832776,165318
1659429645.872328,165303
1659429645.91188,165329
1659429645.949793,165378
1659429645.987706,165410
1659429646.025619,165442
1659429646.068655,165451
1659429646.111691,165493
1659429646.150287,165520
1659429646.188883,165558
1659429646.227479,165588
1659429646.268466,165609
1659429646.309452,165586
1659429646.349073,165567
1659429646.388693,165612
1659429646.428314,165641
1659429646.470325,165599
1659429646.512337,165399
1659429646.550591,165247
1659429646.588845,165221
1659429646.6271,165246
1659429646.668599,165283
1659429646.710098,165314
1659429646.7545,165315
1659429646.798903,165306
1659429646.843305,165334
1659429646.881218,165351
1659429646.91913,165379
1659429646.957043,165402
1659429646.999055,165417
1659429647.041066,165437
1659429647.080003,165437
1659429647.118941,165439
1659429647.157878,165448
1659429647.198353,165466
1659429647.238827,165416
1659429647.278106,165241
1659429647.317385,165119
1659429647.356664,165102
1659429647.395602,165139
1659429647.434539,165182
1659429647.473476,165198
1659429647.514976,165204
1659429647.556475,165192
1659429647.595754,165199
1659429647.635033,165177
1659429647.674312,165201
1659429647.716323,165248
1659429647.758334,165284
1659429647.796589,165259
1659429647.834843,165262
1659429647.873097,165295
1659429647.912035,165290
1659429647.950972,165269
1659429647.98991,165166
1659429648.032434,165027
1659429648.074957,164951
1659429648.115432,164982
1659429648.155906,165013
1659429648.194502,165021
1659429648.233098,165036
1659429648.271694,165017
1659429648.316779,165009
1659429648.361865,165015
1659429648.40695,165033
1659429648.439739,165059
1659429648.472529,165087
1659429648.517273,165106
1659429648.562017,165137
1659429648.606761,165156
1659429648.640062,165177
1659429648.673364,165171
1659429648.717425,165084
1659429648.761486,164969
1659429648.805546,164910
1659429648.843801,164926
1659429648.882055,164961
1659429648.920309,165000
1659429648.962833,165034
1659429649.005357,165058
1659429649.043611,165070
1659429649.081866,165049
1659429649.12012,165056
1659429649.161107,165071
1659429649.202093,165101
1659429649.240689,165106
1659429649.279285,165121
1659429649.317881,165102
1659429649.35716,164993
1659429649.396439,164832
1659429649.435718,164738
1659429649.476705,164736
1659429649.517691,164779
1659429649.556629,164794
1659429649.595566,164807
1659429649.634504,164805
1659429649.676003,164794
1659429649.717502,164790
1659429649.756781,164816
1659429649.79606,164811
1659429649.835339,164832
1659429649.876838,164863
1659429649.918337,164870
1659429649.957274,164845
1659429649.996212,164727
1659429650.035149,164572
1659429650.078869,164488
1659429650.122588,164492
1659429650.166307,164507
1659429650.200121,164527
1659429650.233935,164554
1659429650.278337,164541
1659429650.32274,164556
1659429650.367142,164557
1659429650.405738,164555
1659429650.444334,164544
1659429650.48293,164556
1659429650.523916,164552
1659429650.564903,164555
1659429650.604524,164528
1659429650.644145,164362
1659429650.683765,164233
1659429650.722361,164191
1659429650.760957,164227
1659429650.799553,164257
1659429650.841564,164271
1659429650.883575,164263
1659429650.923196,164235
1659429650.962816,164240
1659429651.002437,164249
1659429651.043936,164273
1659429651.085435,164287
1659429651.126934,164308
1659429651.168433,164331
1659429651.207371,164336
1659429651.246308,164289
1659429651.285246,164138
1659429651.326232,164020
1659429651.367219,163973
1659429651.405132,164031
1659429651.443045,164073
1659429651.480958,164116
1659429651.520236,164119
1659429651.559515,164110
1659429651.598794,164115
1659429651.640806,164154
1659429651.682817,164210
1659429651.721072,164286
1659429651.759326,164332
1659429651.79758,164343
1659429651.839592,164370
1659429651.881603,164366
1659429651.926347,164224
1659429651.971091,164101
1659429652.015835,164064
1659429652.054089,164079
1659429652.092344,164134
1659429652.130598,164204
1659429652.172609,164232
1659429652.214621,164250
1659429652.253558,164316
1659429652.292495,164388
1659429652.331433,164457
1659429652.371907,164519
1659429652.412382,164631
1659429652.450978,164739
1659429652.489574,164815
1659429652.528169,164854
1659429652.566765,164760
1659429652.605361,164643
1659429652.643957,164578
1659429652.685456,164607
1659429652.726955,164645
1659429652.766234,164681
1659429652.805513,164730
1659429652.844792,164728
1659429652.886291,164700
1659429652.92779,164696
1659429652.966386,164709
1659429653.004982,164723
1659429653.043578,164749
1659429653.083199,164775
1659429653.122819,164797
1659429653.16244,164826
1659429653.204451,164762
1659429653.246463,164594
1659429653.287449,164489
1659429653.328436,164438
1659429653.367032,164447
1659429653.405628,164475
1659429653.444224,164506
1659429653.488968,164511
1659429653.533711,164519
1659429653.578455,164563
1659429653.611757,164570
1659429653.645059,164627
1659429653.689461,164636
1659429653.733864,164661
1659429653.778266,164687
1659429653.811055,164733
1659429653.843845,164730
1659429653.888589,164630
1659429653.933332,164468
1659429653.978076,164384
1659429654.017355,164370
1659429654.056634,164382
1659429654.095913,164404
1659429654.137925,164434
1659429654.179936,164437
1659429654.218874,164436
1659429654.257811,164445
1659429654.296748,164476
1659429654.338248,164492
1659429654.379747,164518
1659429654.419367,164520
1659429654.458988,164524
1659429654.498608,164567
1659429654.537204,164590
1659429654.5758,164582
1659429654.614396,164474
1659429654.65487,164327
1659429654.695345,164280
1659429654.733941,164285
1659429654.772537,164300
1659429654.811132,164319
1659429654.853144,164322
1659429654.895155,164314
1659429654.933751,164347
1659429654.972347,164362
1659429655.010943,164408
1659429655.052442,164456
1659429655.093941,164469
1659429655.132879,164455
1659429655.171816,164479
1659429655.210753,164490
1659429655.252765,164458
1659429655.294776,164496
1659429655.33303,164465
1659429655.371285,164308
1659429655.409539,164180
1659429655.454283,164134
1659429655.499027,164139
1659429655.543771,164141
1659429655.584758,164173
1659429655.625744,164198
1659429655.66434,164196
1659429655.702936,164233
1659429655.741532,164295
1659429655.780469,164412
1659429655.819407,164527
1659429655.858344,164642
1659429655.900356,164699
1659429655.942367,164780
1659429655.98028,164902
1659429656.018193,165011
1659429656.056105,165066
1659429656.098117,164979
1659429656.140128,164836
1659429656.179066,164755
1659429656.218003,164784
1659429656.256941,164782
1659429656.297108,164791
1659429656.337275,164805
1659429656.377442,164798
1659429656.417609,164795
1659429656.457776,164799
1659429656.496713,164835
1659429656.535651,164828
1659429656.574588,164862
1659429656.615062,164881
1659429656.655537,164884
1659429656.694816,164905
1659429656.734095,164905
1659429656.773374,164918
1659429656.815385,164834
1659429656.857397,164640
1659429656.895993,164556
1659429656.934588,164546
1659429656.973184,164532
1659429657.017928,164547
1659429657.062672,164582
1659429657.107416,164584
1659429657.148915,164590
1659429657.190414,164585
1659429657.228668,164602
1659429657.266923,164641
1659429657.305177,164667
1659429657.347701,164664
1659429657.390225,164661
1659429657.429504,164677
1659429657.468783,164677
1659429657.508062,164685
1659429657.546316,164637
1659429657.58457,164473
1659429657.622825,164344
1659429657.664836,164317
1659429657.706847,164337
1659429657.746126,164375
1659429657.785405,164401
1659429657.824684,164413
1659429657.865159,164397
1659429657.905633,164389
1659429657.944229,164412
1659429657.982825,164449
1659429658.021421,164473
1659429658.060017,164497
1659429658.098613,164514
1659429658.137208,164549
1659429658.178708,164603
1659429658.220207,164696
1659429658.258803,164772
1659429658.297399,164719
1659429658.335994,164660
1659429658.378006,164681
1659429658.420017,164762
1659429658.464078,164830
1659429658.508139,164895
1659429658.5522,164933
1659429658.586014,164964
1659429658.619828,164996
1659429658.66423,165009
1659429658.708632,165015
1659429658.753035,165027
1659429658.786336,164998
1659429658.819638,164978
1659429658.863358,164964
1659429658.907077,164968
1659429658.950796,164929
1659429658.989733,164795
1659429659.028671,164635
1659429659.067608,164574
1659429659.109107,164585
1659429659.150606,164628
1659429659.188861,164668
1659429659.227115,164672
1659429659.265369,164674
1659429659.304307,164659
1659429659.343244,164658
1659429659.382182,164683
1659429659.423681,164712
1659429659.46518,164712
1659429659.504117,164691
1659429659.543055,164700
1659429659.581992,164700
1659429659.621271,164692
1659429659.66055,164555
1659429659.699829,164369
1659429659.742353,164263
1659429659.784877,164244
1659429659.823814,164263
1659429659.862751,164295
1659429659.901689,164306
1659429659.943188,164311
1659429659.984687,164329
1659429660.027723,164341
1659429660.070759,164370
1659429660.109014,164383
1659429660.147268,164406
1659429660.185522,164425
1659429660.229925,164444
1659429660.274327,164465
1659429660.318729,164461
1659429660.352031,164368
1659429660.385333,164191
1659429660.42871,164077
1659429660.472088,164061
1659429660.515466,164063
1659429660.554403,164100
1659429660.593341,164121
1659429660.632278,164144
1659429660.674802,164161
1659429660.717325,164164
1659429660.756263,164172
1659429660.7952,164219
1659429660.834138,164281
1659429660.875637,164392
1659429660.917136,164521
1659429660.956415,164634
1659429660.995694,164736
1659429661.034973,164743
1659429661.076984,164631
1659429661.118996,164545
1659429661.156909,164586
1659429661.194821,164642
1659429661.232734,164731
1659429661.272013,164816
1659429661.311292,164830
1659429661.350571,164827
1659429661.391046,164818
1659429661.43152,164804
1659429661.470457,164784
1659429661.509395,164791
1659429661.548332,164792
1659429661.588089,164794
1659429661.627846,164827
1659429661.667604,164804
1659429661.707361,164617
1659429661.747118,164429
1659429661.791179,164344
1659429661.83524,164363
1659429661.8793,164394
1659429661.913627,164418
1659429661.947953,164421
1659429661.992014,164392
1659429662.036075,164370
1659429662.080136,164408
1659429662.11839,164446
1659429662.156644,164454
1659429662.194898,164481
1659429662.23691,164492
1659429662.278921,164502
1659429662.317517,164506
1659429662.356113,164418
1659429662.394709,164194
1659429662.433305,164077
1659429662.471901,164075
1659429662.510497,164099
1659429662.55302,164146
1659429662.595544,164157
1659429662.63414,164155
1659429662.672736,164160
1659429662.711332,164163
1659429662.752319,164191
1659429662.793305,164205
1659429662.832584,164218
1659429662.871863,164244
1659429662.911142,164270
1659429662.953666,164281
1659429662.99619,164269
1659429663.034786,164133
1659429663.073381,163932
1659429663.111977,163845
1659429663.153989,163871
1659429663.196,163904
1659429663.234596,163937
1659429663.273192,163964
1659429663.311788,163941
1659429663.354312,163934
1659429663.396835,163967
1659429663.43509,164008
1659429663.473344,164047
1659429663.511598,164093
1659429663.556342,164154
1659429663.601086,164197
1659429663.64583,164225
1659429663.686305,164222
1659429663.726779,164119
1659429663.765375,163968
1659429663.803971,163875
1659429663.842566,163872
1659429663.88509,163882
1659429663.927614,163909
1659429663.96621,163927
1659429664.004806,163929
1659429664.043402,163922
1659429664.082339,163955
1659429664.121277,163990
1659429664.160214,163993
1659429664.202225,164000
1659429664.244237,164016
1659429664.282833,164029
1659429664.321429,164048
1659429664.360024,164015
1659429664.402036,163875
1659429664.444047,163709
1659429664.482302,163664
1659429664.520556,163682
1659429664.55881,163719
1659429664.597748,163759
1659429664.636685,163766
1659429664.675622,163771
1659429664.716097,163770
1659429664.756572,163829
1659429664.795851,163889
1659429664.835129,163973
1659429664.874408,164080
1659429664.915907,164210
1659429664.957407,164326
1659429665.001126,164435
1659429665.044845,164495
1659429665.088564,164407
1659429665.121354,164324
1659429665.154143,164340
1659429665.198887,164401
1659429665.243631,164464
1659429665.288375,164532
1659429665.327654,164521
1659429665.366933,164497
1659429665.406212,164509
1659429665.447711,164565
1659429665.48921,164604
1659429665.528147,164634
1659429665.567085,164661
1659429665.606022,164665
1659429665.647009,164653
1659429665.687996,164619
1659429665.726933,164447
1659429665.765871,164263
1659429665.804808,164234
1659429665.844087,164270
1659429665.883366,164319
1659429665.922645,164351
1659429665.963119,164362
1659429666.003594,164330
1659429666.042531,164344
1659429666.081469,164381
1659429666.120406,164399
1659429666.163442,164413
1659429666.206478,164445
1659429666.245074,164483
1659429666.28367,164483
1659429666.322266,164378
1659429666.361203,164148
1659429666.400141,164011
1659429666.439078,163990
1659429666.48109,164010
1659429666.523101,164048
1659429666.565113,164091
1659429666.607124,164111
1659429666.64572,164100
1659429666.684316,164102
1659429666.722912,164115
1659429666.76424,164128
1659429666.805568,164138
1659429666.846897,164168
1659429666.888225,164201
1659429666.929553,164214
1659429666.970881,164097
1659429667.008282,163876
1659429667.045682,163757
1659429667.083083,163735
1659429667.120483,163759
1659429667.16147,163791
1659429667.202457,163826
1659429667.243443,163856
1659429667.28443,163850
1659429667.323709,163862
1659429667.362988,163886
1659429667.402267,163901
1659429667.447011,163905
1659429667.491755,163919
1659429667.536499,163940
1659429667.568776,163974
1659429667.601053,163979
1659429667.645797,163829
1659429667.690541,163631
1659429667.735285,163558
1659429667.77388,163560
1659429667.812476,163586
1659429667.851072,163627
1659429667.892571,163648
1659429667.934071,163639
1659429667.972325,163630
1659429668.010579,163640
1659429668.048833,163699
1659429668.090333,163730
1659429668.131832,163796
1659429668.170086,163884
1659429668.20834,163994
1659429668.246595,164116
1659429668.285532,164220
1659429668.32447,164246
1659429668.363407,164138
1659429668.405931,164046
1659429668.448454,164060
1659429668.487392,164132
1659429668.526329,164219
1659429668.565267,164259
1659429668.606254,164279
1659429668.64724,164281
1659429668.686519,164279
1659429668.725798,164292
1659429668.765077,164307
1659429668.807089,164327
1659429668.8491,164315
1659429668.887696,164345
1659429668.926292,164357
1659429668.964888,164301
1659429669.006387,164130
1659429669.047886,163966
1659429669.086823,163921
1659429669.125761,163971
1659429669.164698,164007
1659429669.208417,164034
1659429669.252137,164042
1659429669.295856,164031
1659429669.32967,164034
1659429669.363484,164050
1659429669.408228,164082
1659429669.452972,164105
1659429669.497716,164103
1659429669.539215,164112
1659429669.580714,164129
1659429669.619651,164132
1659429669.658589,164019
1659429669.697526,163827
1659429669.737147,163743
1659429669.776767,163745
1659429669.816388,163770
1659429669.857887,163807
1659429669.899386,163827
1659429669.937982,163841
1659429669.976578,163833
1659429670.015174,163839
1659429670.056673,163883
1659429670.098172,163911
1659429670.136768,163913
1659429670.175364,163934
1659429670.213959,163940
1659429670.252897,163953
1659429670.291834,163965
1659429670.330772,163856
1659429670.372783,163667
1659429670.414795,163573
1659429670.453049,163606
1659429670.491303,163635
1659429670.529557,163669
1659429670.570544,163674
1659429670.611531,163664
1659429670.651493,163662
1659429670.691455,163675
1659429670.731417,163707
1659429670.775478,163719
1659429670.819539,163717
1659429670.8636,163720
1659429670.904587,163750
1659429670.945573,163771
1659429670.984852,163758
1659429671.024131,163631
1659429671.06341,163433
1659429671.104397,163366
1659429671.145384,163397
1659429671.18398,163423
1659429671.222575,163449
1659429671.261171,163482
1659429671.30045,163479
1659429671.339729,163481
1659429671.379008,163497
1659429671.419995,163525
1659429671.460982,163536
1659429671.498895,163531
1659429671.536807,163544
1659429671.57472,163556
1659429671.617756,163519
1659429671.660792,163438
1659429671.69973,163259
1659429671.738667,163146
1659429671.777605,163162
1659429671.816542,163237
1659429671.855479,163274
1659429671.894417,163305
1659429671.935916,163311
1659429671.977415,163317
1659429672.017377,163366
1659429672.057339,163439
1659429672.097301,163546
1659429672.137264,163664
1659429672.177226,163818
1659429672.218725,163942
1659429672.260224,164034
1659429672.301723,164090
1659429672.343222,164047
1659429672.385233,163984
1659429672.427245,163990
1659429672.465841,164024
1659429672.504437,164094
1659429672.543032,164150
1659429672.581628,164187
1659429672.620224,164227
1659429672.65882,164244
1659429672.700832,164234
1659429672.742843,164234
1659429672.78178,164226
1659429672.820718,164242
1659429672.859655,164246
1659429672.901667,164225
1659429672.943678,164107
1659429672.982615,163931
1659429673.021553,163855
1659429673.06049,163859
1659429673.10199,163905
1659429673.143489,163942
1659429673.182768,163962
1659429673.222047,163973
1659429673.261326,163967
1659429673.302825,163993
1659429673.344324,163987
1659429673.382578,164011
1659429673.420832,164027
1659429673.459087,164067
1659429673.503489,164087
1659429673.547891,164068
1659429673.592294,163884
1659429673.625596,163708
1659429673.658897,163663
1659429673.702958,163671
1659429673.747019,163677
1659429673.79108,163722
1659429673.823357,163769
1659429673.855634,163781
1659429673.900378,163781
1659429673.945122,163816
1659429673.989865,163845
1659429674.028461,163866
1659429674.067057,163874
1659429674.105653,163890
1659429674.147664,163880
1659429674.189676,163868
1659429674.228613,163708
1659429674.267551,163526
1659429674.306488,163480
1659429674.3485,163470
1659429674.390511,163481
1659429674.428765,163510
1659429674.46702,163549
1659429674.505274,163590
1659429674.544211,163619
1659429674.583149,163707
1659429674.622086,163808
1659429674.664098,163896
1659429674.706109,163980
1659429674.744022,164067
1659429674.781935,164130
1659429674.819847,164176
1659429674.861346,164144
1659429674.902846,163991
1659429674.942125,163886
1659429674.981404,163894
1659429675.020683,163927
1659429675.064743,163951
1659429675.108804,163985
1659429675.152865,163995
1659429675.187191,164008
1659429675.221518,164045
1659429675.266262,164071
1659429675.311006,164098
1659429675.355749,164089
1659429675.396736,164103
1659429675.437723,164107
1659429675.476319,164133
1659429675.514915,164113
1659429675.55351,163995
1659429675.592789,163782
1659429675.632068,163665
1659429675.671347,163682
1659429675.712847,163701
1659429675.754346,163724
1659429675.793283,163767
1659429675.832221,163772
1659429675.871158,163763
1659429675.912657,163760
1659429675.954156,163787
1659429675.99241,163807
1659429676.030665,163849
1659429676.068919,163853
1659429676.10854,163866
1659429676.14816,163877
1659429676.187781,163898
1659429676.229792,163857
1659429676.271804,163688
1659429676.310058,163522
1659429676.348312,163478
1659429676.386567,163523
1659429676.428578,163545
1659429676.470589,163579
1659429676.51021,163600
1659429676.54983,163598
1659429676.589451,163617
1659429676.629925,163636
1659429676.6704,163655
1659429676.708654,163671
1659429676.746909,163703
1659429676.785163,163711
1659429676.826662,163714
1659429676.868161,163734
1659429676.912222,163751
1659429676.956283,163755
1659429677.000343,163627
1659429677.039622,163445
1659429677.078901,163362
1659429677.11818,163391
1659429677.159167,163439
1659429677.200154,163472
1659429677.23875,163493
1659429677.277346,163493
1659429677.315942,163493
1659429677.354537,163516
1659429677.393133,163530
1659429677.431729,163548
1659429677.471008,163565
1659429677.510287,163573
1659429677.549566,163574
1659429677.591065,163582
1659429677.632564,163604
1659429677.674063,163617
1659429677.715563,163523
1659429677.7545,163340
1659429677.793437,163242
1659429677.832375,163261
1659429677.874386,163342
1659429677.916398,163459
1659429677.954652,163597
1659429677.992906,163716
1659429678.031161,163855
1659429678.070098,164003
1659429678.109035,164106
1659429678.147973,164204
1659429678.18896,164278
1659429678.229946,164304
1659429678.27469,164273
1659429678.319434,164270
1659429678.364178,164294
1659429678.39748,164309
1659429678.430782,164225
1659429678.475867,164051
1659429678.520952,163965
1659429678.566038,163962
1659429678.598827,164015
1659429678.631617,164033
1659429678.676361,164028
1659429678.721105,164031
1659429678.765848,164020
1659429678.804444,164036
1659429678.84304,164048
1659429678.881636,164075
1659429678.92416,164090
1659429678.966684,164115
1659429679.00528,164117
1659429679.043875,164121
1659429679.082471,164095
1659429679.12397,163906
1659429679.165469,163719
1659429679.204065,163641
1659429679.242661,163677
1659429679.281257,163714
1659429679.320194,163758
1659429679.359132,163772
1659429679.398069,163770
1659429679.440593,163794
1659429679.483117,163817
1659429679.522054,163826
1659429679.560992,163853
1659429679.599929,163859
1659429679.640916,163868
1659429679.681903,163872
1659429679.721182,163849
1659429679.760461,163730
1659429679.79974,163554
1659429679.841751,163448
1659429679.883762,163460
1659429679.921675,163501
1659429679.959588,163548
1659429679.997501,163573
1659429680.038487,163585
1659429680.079474,163576
1659429680.118412,163609
1659429680.157349,163688
1659429680.196287,163780
1659429680.240006,163876
1659429680.283725,163984
1659429680.327444,164100
1659429680.361258,164222
1659429680.395072,164293
1659429680.439475,164200
1659429680.483877,164054
1659429680.528279,163993
1659429680.566534,164040
1659429680.604788,164129
1659429680.643042,164187
1659429680.685054,164194
1659429680.727065,164159
1659429680.766686,164144
1659429680.806306,164131
1659429680.845927,164130
1659429680.886914,164136
1659429680.9279,164159
1659429680.967179,164170
1659429681.006458,164188
1659429681.045737,164139
1659429681.084333,163956
1659429681.122929,163828
1659429681.161525,163815
1659429681.203024,163850
1659429681.244523,163890
1659429681.283119,163905
1659429681.321715,163919
1659429681.360311,163914
1659429681.40181,163914
1659429681.443309,163919
1659429681.481563,163931
1659429681.519818,163939
1659429681.558072,163964
1659429681.600596,163960
1659429681.643119,163972
1659429681.682398,163927
1659429681.721677,163754
1659429681.760956,163600
1659429681.802455,163566
1659429681.843955,163580
1659429681.882892,163602
1659429681.921829,163654
1659429681.960767,163675
1659429682.005852,163662
1659429682.050938,163682
1659429682.096023,163712
1659429682.138035,163748
1659429682.180046,163764
1659429682.218642,163758
1659429682.257238,163772
1659429682.295834,163806
1659429682.337333,163820
1659429682.378832,163705
1659429682.417086,163532
1659429682.455341,163458
1659429682.493595,163492
1659429682.533557,163524
1659429682.573519,163597
1659429682.613481,163695
1659429682.653443,163744
1659429682.693405,163808
1659429682.734905,163900
1659429682.776404,164003
1659429682.814999,164083
1659429682.853595,164215
1659429682.892191,164280
1659429682.931129,164323
1659429682.970066,164419
1659429683.009003,164475
1659429683.051015,164397
1659429683.093026,164284
1659429683.131622,164266
1659429683.170218,164295
1659429683.208814,164334
1659429683.24741,164399
1659429683.286006,164464
1659429683.324602,164526
1659429683.365588,164573
1659429683.406575,164593
1659429683.448586,164590
1659429683.490598,164599
1659429683.529194,164602
1659429683.56779,164631
1659429683.606386,164650
1659429683.650446,164617
1659429683.694507,164463
1659429683.738568,164308
1659429683.771357,164292
1659429683.804147,164314
1659429683.848207,164351
1659429683.892268,164394
1659429683.936329,164405
1659429683.975266,164406
1659429684.014204,164406
1659429684.053141,164438
1659429684.095153,164446
1659429684.137164,164479
1659429684.17576,164501
1659429684.214356,164523
1659429684.252952,164556
1659429684.292572,164543
1659429684.332193,164395
1659429684.371814,164194
1659429684.4128,164106
1659429684.453787,164104
1659429684.492724,164123
1659429684.531662,164153
1659429684.570599,164177
1659429684.609878,164189
1659429684.649157,164196
1659429684.688436,164214
1659429684.729423,164249
1659429684.77041,164269
1659429684.808664,164298
1659429684.846918,164329
1659429684.885173,164352
1659429684.928209,164356
1659429684.971245,164334
1659429685.015647,164164
1659429685.06005,163998
1659429685.104452,163934
1659429685.137241,163935
1659429685.170031,163959
1659429685.215116,164008
1659429685.260202,164034
1659429685.305287,164028
1659429685.339101,164027
1659429685.372915,164051
1659429685.416976,164075
1659429685.461037,164090
1659429685.505098,164118
1659429685.544035,164150
1659429685.582973,164193
1659429685.62191,164259
1659429685.662897,164315
1659429685.703883,164299
1659429685.741796,164164
1659429685.779709,164101
1659429685.817622,164156
1659429685.856559,164209
1659429685.895497,164277
1659429685.934434,164322
1659429685.976958,164366
1659429686.019481,164402
1659429686.057736,164405
1659429686.09599,164408
1659429686.134244,164409
1659429686.176256,164431
1659429686.218267,164452
1659429686.257205,164474
1659429686.296142,164508
1659429686.33508,164498
1659429686.376579,164362
1659429686.418078,164185
1659429686.457015,164124
1659429686.495953,164156
1659429686.53489,164205
1659429686.575877,164251
1659429686.616864,164252
1659429686.655118,164247
1659429686.693372,164248
1659429686.731627,164269
1659429686.776029,164252
1659429686.820431,164240
1659429686.864834,164234
1659429686.898135,164235
1659429686.931437,164269
1659429686.975156,164305
1659429687.018876,164259
1659429687.062595,164069
1659429687.101191,163928
1659429687.139786,163921
1659429687.178382,163963
1659429687.220394,164020
1659429687.262405,164054
1659429687.301001,164063
1659429687.339597,164048
1659429687.378193,164061
1659429687.420717,164070
1659429687.46324,164103
1659429687.502519,164118
1659429687.541798,164127
1659429687.581077,164152
1659429687.620015,164170
1659429687.658952,164184
1659429687.69789,164060
1659429687.738876,163899
1659429687.779863,163820
1659429687.82003,163830
1659429687.860197,163847
1659429687.900364,163865
1659429687.940531,163874
1659429687.980698,163869
1659429688.021685,163878
1659429688.062672,163892
1659429688.101609,163932
1659429688.140547,163984
1659429688.179484,164020
1659429688.219105,164049
1659429688.258725,164067
1659429688.298346,164116
1659429688.339333,164047
1659429688.380319,163889
1659429688.419257,163785
1659429688.458194,163821
1659429688.497132,163919
1659429688.539143,164017
1659429688.581154,164125
1659429688.625557,164180
1659429688.669959,164192
1659429688.714361,164229
1659429688.748176,164309
1659429688.78199,164359
1659429688.826392,164422
1659429688.870794,164484
1659429688.915197,164531
1659429688.947986,164509
1659429688.980775,164413
1659429689.024495,164257
1659429689.068214,164160
1659429689.111933,164159
1659429689.151212,164209
1659429689.190491,164272
1659429689.22977,164352
1659429689.270757,164370
1659429689.311743,164406
1659429689.350681,164429
1659429689.389618,164452
1659429689.428556,164504
1659429689.467493,164536
1659429689.506431,164581
1659429689.545368,164602
1659429689.587379,164602
1659429689.629391,164503
1659429689.667645,164380
1659429689.7059,164323
1659429689.744154,164394
1659429689.786165,164514
1659429689.828177,164668
1659429689.866773,164664
1659429689.905369,164581
1659429689.943964,164475
1659429689.981877,164420
1659429690.01979,164481
1659429690.057703,164602
1659429690.100739,164695
1659429690.143775,164744
1659429690.185274,164837
1659429690.226773,164933
1659429690.264686,164907
1659429690.302599,164873
1659429690.340511,164983
1659429690.384914,165048
1659429690.429316,165079
1659429690.473718,165182
1659429690.507533,165312
1659429690.541347,165391
1659429690.585749,165453
1659429690.630151,165458
1659429690.674554,165362
1659429690.707855,165332
1659429690.741157,165430
1659429690.786242,165548
1659429690.831328,165668
1659429690.876413,165550
1659429690.914668,165277
1659429690.952922,164939
1659429690.991176,164940
1659429691.0337,164892
1659429691.076224,164867
1659429691.115161,164844
1659429691.154099,165030
1659429691.193036,165132
1659429691.234023,164941
1659429691.27501,165149
1659429691.313606,165810
1659429691.352201,166660
1659429691.390797,167433
1659429691.429735,167104
1659429691.468672,166034
1659429691.50761,170937
